# name: bg92_optical
# columns: wave_rest_angstrom area_normalized_flux
# normalization: integral of positive flux over native coverage = 1
# coverage_angstrom: 3686.955526 7481.763952
# pre_normalization_positive_area: 2.299377686998e+03
# reference: Boroson & Green 1992 / qsofitmore legacy optical Fe template
# source: qsofitmore/data/iron_templates/fe_optical.txt
# notes: Bundled legacy optical/Hbeta-region Fe template; wavelength column converted from log10 Angstrom.
3686.95552559 8.650958088564e-05
3688.26228626 4.999918049570e-05
3689.56951008 2.896830754540e-05
3690.87719722 3.279516906961e-05
3692.18534784 5.652973008088e-05
3693.49396211 7.058288028004e-05
3694.80304018 8.714649234576e-05
3696.11258223 1.481782666356e-04
3697.42258842 2.324302366775e-04
3698.73305891 2.995871465115e-04
3700.04399387 3.527027789240e-04
3701.35539346 3.909373414741e-04
3702.66725785 3.919700556791e-04
3703.97958720 3.587159276460e-04
3705.29238168 3.252238656696e-04
3706.60564145 3.204508350961e-04
3707.91936667 3.666726457195e-04
3709.23355751 4.564430654149e-04
3710.54821414 5.681693822582e-04
3711.86333673 6.691584460875e-04
3713.17892543 7.304485076537e-04
3714.49498041 7.326003942393e-04
3715.81150183 6.909939193479e-04
3717.12848987 6.622352685295e-04
3718.44594469 6.663776936969e-04
3719.76386645 7.001390024366e-04
3721.08225532 7.429645028130e-04
3722.40111146 7.719475621759e-04
3723.72043504 8.176699333177e-04
3725.04022623 8.890766451982e-04
3726.36048519 9.455780197808e-04
3727.68121209 9.631645173052e-04
3729.00240708 9.336547937032e-04
3730.32407035 8.851925507972e-04
3731.64620205 8.618697185790e-04
3732.96880235 8.644438933366e-04
3734.29187142 8.822874169265e-04
3735.61540943 8.825827142166e-04
3736.93941653 8.539271347646e-04
3738.26389289 8.218354081999e-04
3739.58883869 8.099143566237e-04
3740.91425409 8.383594443402e-04
3742.24013925 9.001413781231e-04
3743.56649434 9.757653180192e-04
3744.89331953 1.035345351684e-03
3746.22061498 1.055447312428e-03
3747.54838086 1.031537799732e-03
3748.87661735 9.724809511043e-04
3750.20532459 8.996977798374e-04
3751.53450277 8.384699090113e-04
3752.86415204 8.132978808024e-04
3754.19427258 8.177799630885e-04
3755.52486456 8.410923577000e-04
3756.85592813 8.855100280016e-04
3758.18746347 9.441528515631e-04
3759.51947074 9.997452845605e-04
3760.85195011 1.039918328129e-03
3762.18490175 1.057056008564e-03
3763.51832582 1.052896187386e-03
3764.85222250 1.033107354843e-03
3766.18659195 1.017296120262e-03
3767.52143434 1.004922337494e-03
3768.85674983 9.545817602786e-04
3770.19253860 8.589684988108e-04
3771.52880081 7.398393094006e-04
3772.86553662 6.316904822610e-04
3774.20274622 5.712932709697e-04
3775.54042975 5.456793840763e-04
3776.87858740 5.468497007299e-04
3778.21721934 5.977495597056e-04
3779.55632572 6.739545263758e-04
3780.89590671 7.050812092191e-04
3782.23596249 7.003364471638e-04
3783.57649323 7.019507970033e-04
3784.91749909 6.848796563108e-04
3786.25898023 6.367653336288e-04
3787.60093684 5.850309010157e-04
3788.94336907 5.481000390350e-04
3790.28627710 5.363946979977e-04
3791.62966109 5.249015882970e-04
3792.97352122 4.739795494070e-04
3794.31785765 4.134560865645e-04
3795.66267055 3.723233485481e-04
3797.00796009 3.518507222953e-04
3798.35372643 3.496259029327e-04
3799.69996976 3.576051053507e-04
3801.04669023 3.667754126557e-04
3802.39388801 3.691370951364e-04
3803.74156328 3.636119915087e-04
3805.08971621 3.532105684909e-04
3806.43834696 3.458264836161e-04
3807.78745570 3.516230519987e-04
3809.13704260 3.789951537443e-04
3810.48710783 4.422561833796e-04
3811.83765157 5.537032942431e-04
3813.18867397 6.456825289708e-04
3814.54017522 6.648150969907e-04
3815.89215548 6.205744311031e-04
3817.24461491 5.443024897897e-04
3818.59755370 4.875262582301e-04
3819.95097200 4.807352903572e-04
3821.30487000 5.369357139461e-04
3822.65924785 6.209754091613e-04
3824.01410574 6.947136214431e-04
3825.36944382 7.318684570680e-04
3826.72526227 7.313087404076e-04
3828.08156127 7.179538226080e-04
3829.43834097 7.039865652142e-04
3830.79560156 6.956477872446e-04
3832.15334319 6.845700073114e-04
3833.51156605 6.633542669501e-04
3834.87027030 6.301126640450e-04
3836.22945612 5.929721801293e-04
3837.58912366 5.669138251497e-04
3838.94927311 5.789657817102e-04
3840.30990464 6.482062552959e-04
3841.67101841 7.412666521197e-04
3843.03261460 8.278922644001e-04
3844.39469338 8.892005917780e-04
3845.75725492 9.271417271093e-04
3847.12029938 9.587928996902e-04
3848.48382695 9.850978431286e-04
3849.84783779 1.004655308722e-03
3851.21233208 1.013640783408e-03
3852.57730998 1.013679054633e-03
3853.94277166 1.010479493272e-03
3855.30871731 1.034068049562e-03
3856.67514708 1.118546994060e-03
3858.04206116 1.216429565189e-03
3859.40945970 1.284440140782e-03
3860.77734289 1.312821298158e-03
3862.14571090 1.277498697413e-03
3863.51456390 1.147135163968e-03
3864.88390206 9.794245689755e-04
3866.25372554 8.464351076403e-04
3867.62403454 7.481841759741e-04
3868.99482920 6.820680260003e-04
3870.36610972 6.441221067660e-04
3871.73787626 6.277094050975e-04
3873.11012899 6.270313955609e-04
3874.48286808 6.229637732416e-04
3875.85609371 6.105551984514e-04
3877.22980605 6.288262290166e-04
3878.60400528 6.793320683386e-04
3879.97869155 7.281983336047e-04
3881.35386506 7.472626222807e-04
3882.72952597 7.174906538098e-04
3884.10567445 6.781047797483e-04
3885.48231067 6.398418182098e-04
3886.85943481 5.631467189240e-04
3888.23704705 4.460863501459e-04
3889.61514755 3.094489452618e-04
3890.99373648 1.913337693445e-04
3892.37281403 1.241659435135e-04
3893.75238036 1.165310081572e-04
3895.13243565 1.609240631029e-04
3896.51298007 2.354514454330e-04
3897.89401379 3.087508433322e-04
3899.27553699 3.524810232712e-04
3900.65754984 3.618845241063e-04
3902.04005252 3.416148658142e-04
3903.42304519 3.051288198399e-04
3904.80652803 2.691763530192e-04
3906.19050122 2.499545434619e-04
3907.57496493 2.497445736066e-04
3908.95991933 2.680864929175e-04
3910.34536460 3.065293727018e-04
3911.73130091 3.455815477784e-04
3913.11772843 3.532136997730e-04
3914.50464734 3.377342071253e-04
3915.89205782 3.117291709200e-04
3917.27996003 2.731863075614e-04
3918.66835415 2.236943947523e-04
3920.05724036 1.674800108645e-04
3921.44661883 1.241103197677e-04
3922.83648974 1.158474753870e-04
3924.22685325 1.624463445532e-04
3925.61770955 2.588482106987e-04
3927.00905881 3.708290311859e-04
3928.40090120 4.585510270722e-04
3929.79323689 4.875406099393e-04
3931.18606607 4.952048575745e-04
3932.57938891 5.090338166793e-04
3933.97320558 5.246563045390e-04
3935.36751626 5.419483745738e-04
3936.76232113 5.605725441664e-04
3938.15762035 5.618102703634e-04
3939.55341410 5.324671135686e-04
3940.94970256 4.725948269154e-04
3942.34648591 4.108019336454e-04
3943.74376431 3.948337870431e-04
3945.14153795 4.041424361272e-04
3946.53980700 4.098793361913e-04
3947.93857164 4.072769364056e-04
3949.33783204 3.959810974719e-04
3950.73758837 3.825064951153e-04
3952.13784082 3.684966609840e-04
3953.53858956 3.577069589963e-04
3954.93983476 3.663230728744e-04
3956.34157660 4.027910704870e-04
3957.74381526 4.675217151487e-04
3959.14655091 5.289235460868e-04
3960.54978373 5.551449886715e-04
3961.95351390 5.811468066147e-04
3963.35774158 6.194006352472e-04
3964.76246697 6.502394141051e-04
3966.16769023 6.554803973799e-04
3967.57341154 6.214033510368e-04
3968.97963107 5.678153734302e-04
3970.38634901 5.059147118709e-04
3971.79356553 4.294499792634e-04
3973.20128081 3.504449941201e-04
3974.60949502 2.866288577673e-04
3976.01820835 2.416189837544e-04
3977.42742096 2.154240265968e-04
3978.83713303 2.075299341636e-04
3980.24734475 1.901100469365e-04
3981.65805628 1.297367116706e-04
3983.06926781 8.452199962579e-05
3984.48097952 8.600361789984e-05
3985.89319157 1.145545168545e-04
3987.30590415 1.344749067317e-04
3988.71911744 1.065922755474e-04
3990.13283161 7.723076596078e-05
3991.54704684 7.312078435426e-05
3992.96176330 7.751423396331e-05
3994.37698119 7.981620463561e-05
3995.79270066 7.295191257552e-05
3997.20892191 9.165245065726e-05
3998.62564510 1.469587627603e-04
4000.04287042 2.091492853563e-04
4001.46059805 2.449811108393e-04
4002.87882816 2.262829647091e-04
4004.29756092 1.886836609980e-04
4005.71679653 1.572436325030e-04
4007.13653516 1.268932031696e-04
4008.55677698 1.215204886000e-04
4009.97752217 1.677907471146e-04
4011.39877092 2.240922415285e-04
4012.82052339 2.581324518178e-04
4014.24277978 2.587526196171e-04
4015.66554025 2.432276364002e-04
4017.08880499 2.389469564338e-04
4018.51257417 2.323523025473e-04
4019.93684798 2.248203515773e-04
4021.36162659 2.374522911513e-04
4022.78691018 2.707979222034e-04
4024.21269893 3.130011672591e-04
4025.63899303 3.306308503813e-04
4027.06579264 3.104837034981e-04
4028.49309795 2.650114869974e-04
4029.92090913 2.225146842527e-04
4031.34922637 2.078805942594e-04
4032.77804985 2.110834608618e-04
4034.20737975 2.205532404996e-04
4035.63721623 2.257897008115e-04
4037.06755950 2.187273986539e-04
4038.49840971 1.977659444863e-04
4039.92976706 1.727757915746e-04
4041.36163172 1.568474383479e-04
4042.79400388 1.632424295158e-04
4044.22688371 1.752322823164e-04
4045.66027139 1.782984597607e-04
4047.09416711 1.756268238504e-04
4048.52857103 1.781054075264e-04
4049.96348335 1.987138096467e-04
4051.39890425 2.510928079648e-04
4052.83483390 3.144059821437e-04
4054.27127248 3.078159382002e-04
4055.70822017 2.676708152298e-04
4057.14567716 2.761266683547e-04
4058.58364363 2.873919337987e-04
4060.02211975 2.902002588671e-04
4061.46110571 3.215579607390e-04
4062.90060168 3.865088823925e-04
4064.34060785 4.735524773320e-04
4065.78112440 5.540542587691e-04
4067.22215151 6.012957365890e-04
4068.66368937 5.962404557338e-04
4070.10573814 5.541516764318e-04
4071.54829801 4.982678602469e-04
4072.99136917 4.430137796674e-04
4074.43495180 4.007023749121e-04
4075.87904607 3.789056512666e-04
4077.32365216 3.619604142052e-04
4078.76877027 3.401839134228e-04
4080.21440057 3.181514303355e-04
4081.66054324 3.187181488904e-04
4083.10719846 3.641198245657e-04
4084.55436642 4.226586199802e-04
4086.00204729 4.696749064352e-04
4087.45024127 4.940375852229e-04
4088.89894852 5.150380499456e-04
4090.34816924 5.531261815715e-04
4091.79790360 5.986611106925e-04
4093.24815179 6.438102832652e-04
4094.69891399 6.828999902360e-04
4096.15019037 7.037082290350e-04
4097.60198114 7.069391032154e-04
4099.05428645 7.186901087822e-04
4100.50710651 7.246947769487e-04
4101.96044148 6.955912502082e-04
4103.41429156 6.312360114683e-04
4104.86865692 5.452310018876e-04
4106.32353775 4.645569999396e-04
4107.77893423 4.087567280985e-04
4109.23484655 3.884828512736e-04
4110.69127488 4.032561528465e-04
4112.14821941 4.277869640825e-04
4113.60568032 4.244977262845e-04
4115.06365780 4.008355413778e-04
4116.52215203 3.763835775626e-04
4117.98116318 3.790032428895e-04
4119.44069145 4.095934762373e-04
4120.90073702 4.535370617436e-04
4122.36130007 4.889531660489e-04
4123.82238079 5.057807625846e-04
4125.28397935 5.071954931956e-04
4126.74609595 5.021454311437e-04
4128.20873076 4.908419379651e-04
4129.67188397 4.522454079119e-04
4131.13555576 3.849641165978e-04
4132.59974632 3.023855123634e-04
4134.06445582 2.413623925892e-04
4135.52968447 2.164849223399e-04
4136.99543243 2.140324761708e-04
4138.46169989 2.115394972955e-04
4139.92848704 1.952844034884e-04
4141.39579406 1.815202445253e-04
4142.86362113 1.773397655834e-04
4144.33196845 1.822726654998e-04
4145.80083619 1.865977487849e-04
4147.27022453 1.830484841094e-04
4148.74013367 1.704401161306e-04
4150.21056378 1.476638665844e-04
4151.68151506 1.208052515995e-04
4153.15298768 1.145090262852e-04
4154.62498184 1.263154381476e-04
4156.09749771 1.368671627021e-04
4157.57053548 1.577823434799e-04
4159.04409534 1.955596083856e-04
4160.51817747 2.496411108300e-04
4161.99278205 2.920453233051e-04
4163.46790928 3.053919345093e-04
4164.94355933 3.238294014117e-04
4166.41973240 3.629354606330e-04
4167.89642866 4.237256043273e-04
4169.37364830 5.096452864731e-04
4170.85139152 6.118090159588e-04
4172.32965848 7.144480914506e-04
4173.80844939 7.912040767757e-04
4175.28776442 8.297449395931e-04
4176.76760376 8.610625436593e-04
4178.24796760 8.568970687770e-04
4179.72885612 7.705715376899e-04
4181.21026951 6.398692169275e-04
4182.69220796 5.055180828155e-04
4184.17467164 3.968092780752e-04
4185.65766075 3.279923538723e-04
4187.14117548 2.970976903285e-04
4188.62521600 2.876055133262e-04
4190.10978251 2.867905536915e-04
4191.59487519 2.800808251909e-04
4193.08049423 2.399728427044e-04
4194.56663982 1.841734841538e-04
4196.05331213 1.654178876966e-04
4197.54051137 1.589119534673e-04
4199.02823771 1.464914189194e-04
4200.51649134 1.403854624776e-04
4202.00527245 1.470775775169e-04
4203.49458123 1.676801084833e-04
4204.98441786 1.785272173080e-04
4206.47478253 1.747696353984e-04
4207.96567543 1.660025241431e-04
4209.45709674 1.448314915305e-04
4210.94904666 1.182575187789e-04
4212.44152536 1.077180149223e-04
4213.93453304 9.986880419797e-05
4215.42806988 8.639572399232e-05
4216.92213607 8.175342444303e-05
4218.41673181 9.669825068637e-05
4219.91185727 1.368984320323e-04
4221.40751264 1.799774792719e-04
4222.90369812 2.242762043469e-04
4224.40041389 2.921763587595e-04
4225.89766013 3.733219665712e-04
4227.39543704 4.627008455444e-04
4228.89374481 5.600510987306e-04
4230.39258362 6.547436763055e-04
4231.89195365 7.305167869976e-04
4233.39185511 7.716883616090e-04
4234.89228818 7.595911754194e-04
4236.39325304 6.885563032783e-04
4237.89474988 6.274645562398e-04
4239.39677890 6.217073463326e-04
4240.89934028 6.763538712208e-04
4242.40243421 7.416154421443e-04
4243.90606087 7.713395715844e-04
4245.41022047 7.369624440482e-04
4246.91491318 6.465575483342e-04
4248.42013919 5.315177262573e-04
4249.92589871 4.420983145779e-04
4251.43219190 3.929857217931e-04
4252.93901897 3.797029104600e-04
4254.44638010 3.912572106301e-04
4255.95427548 4.075613611887e-04
4257.46270530 4.030477051423e-04
4258.97166975 3.816448706805e-04
4260.48116902 3.591490013448e-04
4261.99120330 3.581794781505e-04
4263.50177277 3.611289718498e-04
4265.01287764 3.508335775203e-04
4266.52451808 3.436144938118e-04
4268.03669430 3.596070818098e-04
4269.54940646 4.144988904560e-04
4271.06265478 4.902456896812e-04
4272.57643944 5.627440012646e-04
4274.09076062 6.132585385922e-04
4275.60561852 6.408968862892e-04
4277.12101333 6.508326180871e-04
4278.63694524 6.406485582293e-04
4280.15341443 6.104856144066e-04
4281.67042111 5.789627374083e-04
4283.18796545 5.804183486456e-04
4284.70604766 6.359403277975e-04
4286.22466792 7.281030904434e-04
4287.74382642 7.823168895530e-04
4289.26352335 7.843522228636e-04
4290.78375890 7.592210752810e-04
4292.30453327 7.498842011688e-04
4293.82584664 7.661312058306e-04
4295.34769921 7.952008103493e-04
4296.87009117 8.156137247936e-04
4298.39302271 8.234014841084e-04
4299.91649401 8.279209678186e-04
4301.44050528 8.403382406144e-04
4302.96505670 8.527007159749e-04
4304.49014846 8.458658231737e-04
4306.01578076 7.981907497746e-04
4307.54195378 7.253506065710e-04
4309.06866773 6.739284323590e-04
4310.59592278 6.721179424932e-04
4312.12371914 7.103639429207e-04
4313.65205699 7.158432515490e-04
4315.18093652 7.036529966994e-04
4316.71035794 7.095128430727e-04
4318.24032142 7.476718634442e-04
4319.77082717 7.853638009150e-04
4321.30187537 7.669435995538e-04
4322.83346622 6.981949981849e-04
4324.36559990 6.250378126772e-04
4325.89827662 5.895890908509e-04
4327.43149656 5.927660373966e-04
4328.96525991 6.016601830237e-04
4330.49956688 5.723735632654e-04
4332.03441765 5.735469242209e-04
4333.56981241 5.842206817940e-04
4335.10575136 5.483653282059e-04
4336.64223469 4.929238056057e-04
4338.17926259 4.576490438914e-04
4339.71683525 5.181571547541e-04
4341.25495288 4.374248761686e-04
4342.79361566 4.204324089367e-04
4344.33282378 4.180049260436e-04
4345.87257745 4.082371527339e-04
4347.41287684 3.888172895890e-04
4348.95372216 3.572021267512e-04
4350.49511360 3.377244218690e-04
4352.03705135 3.377244218690e-04
4353.57953561 3.426371859025e-04
4355.12256656 3.450646687956e-04
4356.66614441 3.547746438581e-04
4358.21026935 3.669120583237e-04
4359.75494157 3.815347974196e-04
4361.30016126 3.936721683951e-04
4362.84592863 4.130921620102e-04
4364.39224385 4.447072813579e-04
4365.93910714 4.569023201106e-04
4367.48651868 4.617575468370e-04
4369.03447866 4.860323757681e-04
4370.58298728 5.055102546104e-04
4372.13204474 5.055102546104e-04
4373.68165123 5.178218466382e-04
4375.23180694 5.100601813402e-04
4376.78251207 5.083923387663e-04
4378.33376681 5.317356112976e-04
4379.88557136 5.793310979455e-04
4381.43792592 6.596654427747e-04
4382.99083067 7.571587781531e-04
4384.54428582 8.264697055841e-04
4386.09829155 8.263918584340e-04
4387.65284807 7.557749254620e-04
4389.20795557 6.706462399455e-04
4390.76361424 5.968932410542e-04
4392.31982428 5.487245558372e-04
4393.87658588 5.335900260917e-04
4395.43389925 5.449509261072e-04
4396.99176457 5.645758012442e-04
4398.55018204 5.664789248697e-04
4400.10915186 5.475307545685e-04
4401.66867422 5.184546265456e-04
4403.22874932 4.986740571084e-04
4404.78937735 5.003988716191e-04
4406.35055851 5.262436905612e-04
4407.91229300 5.677210000695e-04
4409.47458102 6.346064886387e-04
4411.03742275 7.319471740187e-04
4412.60081840 8.334128885550e-04
4414.16476816 9.196466556830e-04
4415.72927222 9.695449393137e-04
4417.29433079 9.453766609512e-04
4418.85994406 8.443445419941e-04
4420.42611223 6.957147618878e-04
4421.99283549 5.543434674553e-04
4423.56011405 4.526833524939e-04
4425.12794809 3.989245460573e-04
4426.69633781 3.756257203346e-04
4428.26528342 3.641438310611e-04
4429.83478511 3.507173286755e-04
4431.40484307 3.366583943026e-04
4432.97545750 3.243948587558e-04
4434.54662860 3.148893738050e-04
4436.11835657 3.096483905302e-04
4437.69064161 3.077836251094e-04
4439.26348390 3.185991166838e-04
4440.83688366 3.905317099829e-04
4442.41084107 4.877406640682e-04
4443.98535634 5.493660337502e-04
4445.56042966 5.729698115493e-04
4447.13606123 5.789796985192e-04
4448.71225125 5.940502979235e-04
4450.28899992 6.241062562773e-04
4451.86630743 6.481249289435e-04
4453.44417398 6.414522539468e-04
4455.02259977 6.053616193072e-04
4456.60158500 5.720569558615e-04
4458.18112987 5.687825916530e-04
4459.76123457 5.704317335150e-04
4461.34189931 5.790662436749e-04
4462.92312427 6.022786112219e-04
4464.50490967 6.312573215820e-04
4466.08725570 6.456560000537e-04
4467.67016255 6.391168394430e-04
4469.25363044 6.417171082174e-04
4470.83765954 6.562923562027e-04
4472.42225008 6.710663536161e-04
4474.00740223 6.669004438335e-04
4475.59311621 6.356559030144e-04
4477.17939221 5.826032876525e-04
4478.76623043 5.267251251712e-04
4480.35363107 5.015874540844e-04
4481.94159433 5.214932748023e-04
4483.53012041 5.635050767547e-04
4485.11920950 6.302792308522e-04
4486.70886182 7.250683562893e-04
4488.29907755 8.452039049475e-04
4489.88985690 9.304708887530e-04
4491.48120006 9.408876202606e-04
4493.07310725 8.867903744260e-04
4494.66557865 8.046355370245e-04
4496.25861446 7.259729488718e-04
4497.85221490 6.663094143529e-04
4499.44638015 6.452241440756e-04
4501.04111041 6.658884308819e-04
4502.63640590 7.165725793186e-04
4504.23226680 7.827374381238e-04
4505.82869332 8.656924920406e-04
4507.42568565 9.736534422593e-04
4509.02324401 1.042852165418e-03
4510.62136859 1.070856699151e-03
4512.22005958 1.098643782744e-03
4513.81931720 1.150674817348e-03
4515.41914164 1.216425216186e-03
4517.01953310 1.258323944066e-03
4518.62049179 1.276173991160e-03
4520.22201790 1.257788146921e-03
4521.82411164 1.194171803756e-03
4523.42677320 1.096327503852e-03
4525.03000279 9.819622121095e-04
4526.63380061 8.732441005033e-04
4528.23816687 7.940387568010e-04
4529.84310175 7.423191107975e-04
4531.44860547 7.126045491635e-04
4533.05467822 7.096615789685e-04
4534.66132022 7.255432673951e-04
4536.26853165 7.506957250914e-04
4537.87631272 7.781231461525e-04
4539.48466363 8.207781656192e-04
4541.09358459 8.730657913884e-04
4542.70307580 9.101036388380e-04
4544.31313746 9.394959393644e-04
4545.92376976 9.826323934411e-04
4547.53497292 1.058101943738e-03
4549.14674714 1.132170245332e-03
4550.75909261 1.162155314940e-03
4552.37200954 1.129847442936e-03
4553.98549814 1.104854593643e-03
4555.59955860 1.098951257242e-03
4557.21419114 1.085890766932e-03
4558.82939594 1.031978353716e-03
4560.44517322 9.496399883964e-04
4562.06152317 8.648187773780e-04
4563.67844600 7.895984249418e-04
4565.29594192 7.481693893646e-04
4566.91401112 7.469973331099e-04
4568.53265381 7.671353905773e-04
4570.15187020 7.911714592547e-04
4571.77166047 8.240560090298e-04
4573.39202485 8.880781141552e-04
4575.01296353 9.572546573997e-04
4576.63447672 1.022616255388e-03
4578.25656462 1.091798452336e-03
4579.87922743 1.178598024728e-03
4581.50246536 1.261779661691e-03
4583.12627861 1.299002341759e-03
4584.75066738 1.248344722240e-03
4586.37563189 1.137403835302e-03
4588.00117232 1.019678503996e-03
4589.62728890 9.366003732999e-04
4591.25398181 8.645652305147e-04
4592.88125127 7.892774685351e-04
4594.50909749 7.305337481086e-04
4596.13752065 6.789315251806e-04
4597.76652098 6.274836918521e-04
4599.39609866 5.775045167693e-04
4601.02625392 5.560095704282e-04
4602.65698695 5.504685059601e-04
4604.28829796 5.298207453646e-04
4605.92018714 4.861315330320e-04
4607.55265472 4.538384476377e-04
4609.18570089 4.647666218746e-04
4610.81932586 5.086915501589e-04
4612.45352983 5.655038784418e-04
4614.08831300 6.327955638726e-04
4615.72367559 7.316731868423e-04
4617.35961780 8.182135586677e-04
4618.99613983 8.661130406114e-04
4620.63324189 8.812980187894e-04
4622.27092419 9.075625165017e-04
4623.90918693 9.588394340202e-04
4625.54803031 1.027312743512e-03
4627.18745455 1.109167499720e-03
4628.82745984 1.166164660622e-03
4630.46804640 1.164049740560e-03
4632.10921443 1.099436605954e-03
4633.75096413 9.984505864268e-04
4635.39329572 8.823870090906e-04
4637.03620939 7.594172153073e-04
4638.67970536 6.727294122869e-04
4640.32378383 6.118616388927e-04
4641.96844501 5.434170328195e-04
4643.61368910 4.920413929375e-04
4645.25951631 4.715849884651e-04
4646.90592686 4.744927317375e-04
4648.55292093 4.655359604700e-04
4650.20049875 4.774987624731e-04
4651.84866051 5.358789062655e-04
4653.49740643 6.297673532226e-04
4655.14673671 6.938833968085e-04
4656.79665156 7.058044483848e-04
4658.44715118 6.885228159567e-04
4660.09823579 6.779986640799e-04
4661.74990559 6.901593457105e-04
4663.40216079 7.191611057854e-04
4665.05500159 7.431145434097e-04
4666.70842821 7.344991688620e-04
4668.36244085 6.834136074668e-04
4670.01703971 6.056142963699e-04
4671.67222502 5.134706693363e-04
4673.32799696 4.348152135482e-04
4674.98435576 3.874459185359e-04
4676.64130162 3.290405070372e-04
4678.29883475 2.643359563924e-04
4679.95695535 2.148731819021e-04
4681.61566364 2.048226799203e-04
4683.27495982 2.082727438419e-04
4684.93484410 1.979618235725e-04
4686.59531670 1.706201213565e-04
4688.25637781 1.470713584428e-04
4689.91802764 1.285195562569e-04
4691.58026641 1.116716933681e-04
4693.24309433 1.210214405287e-04
4694.90651160 1.662948641113e-04
4696.57051843 2.232476216946e-04
4698.23511503 2.462698508392e-04
4699.90030161 2.302778717016e-04
4701.56607839 2.011887836504e-04
4703.23244555 1.923133822253e-04
4704.89940333 1.836877875211e-04
4706.56695192 1.753647964317e-04
4708.23509154 1.742947242926e-04
4709.90382240 1.838426555108e-04
4711.57314470 1.730354270417e-04
4713.24305865 1.424866396906e-04
4714.91356447 1.281392794520e-04
4716.58466236 1.524484220153e-04
4718.25635254 1.906365372155e-04
4719.92863521 2.059719908904e-04
4721.60151058 2.092753194575e-04
4723.27497887 2.268365927656e-04
4724.94904029 2.744650448548e-04
4726.62369503 3.493123398308e-04
4728.29894333 4.059290064776e-04
4729.97478537 4.212874228873e-04
4731.65122139 4.095879964937e-04
4733.32825158 3.801993491297e-04
4735.00587615 3.299034361729e-04
4736.68409533 2.636897815563e-04
4738.36290931 1.918457774442e-04
4740.04231831 1.254925198377e-04
4741.72232254 7.887760285122e-05
4743.40292221 6.109026837752e-05
4745.08411753 4.480190469904e-05
4746.76590871 3.231640039832e-05
4748.44829597 3.192554246964e-05
4750.13127952 3.132654126693e-05
4751.81485956 9.415408404812e-06
4753.49903631 0.000000000000e+00
4755.18380998 3.914595262404e-05
4756.86918078 9.497287080536e-05
4758.55514892 1.130615041931e-04
4760.24171462 1.026719104630e-04
4761.92887808 1.421476784124e-04
4763.61663952 1.723760747272e-04
4765.30499915 1.610943265626e-04
4766.99395719 1.177385087847e-04
4768.68351383 8.236472027666e-05
4770.37366931 6.756132360439e-05
4772.06442382 7.738311152888e-05
4773.75577759 1.039888320010e-04
4775.44773081 1.363014444178e-04
4777.14028372 1.571595227889e-04
4778.83343651 1.641772041777e-04
4780.52718940 1.612419752077e-04
4782.22154261 1.419511904658e-04
4783.91649634 1.175966443134e-04
4785.61205081 9.761493349665e-05
4787.30820623 8.866638184445e-05
4789.00496282 9.161096117054e-05
4790.70232079 1.059879381182e-04
4792.40028035 1.184111690479e-04
4794.09884171 1.290396969918e-04
4795.79800509 1.502808790195e-04
4797.49777070 1.847115862703e-04
4799.19813876 2.056511649538e-04
4800.89910948 2.040256381771e-04
4802.60068306 1.945839530974e-04
4804.30285973 1.948316288069e-04
4806.00563971 1.988273186198e-04
4807.70902319 2.159743494112e-04
4809.41301040 1.797065363974e-04
4811.11760156 1.797065363974e-04
4812.82279686 1.797065363974e-04
4814.52859654 1.724240442281e-04
4816.23500080 1.724240442281e-04
4817.94200986 1.797065363974e-04
4819.64962393 1.797065363974e-04
4821.35784323 1.797065363974e-04
4823.06666796 1.845614586936e-04
4824.77609836 1.845614586936e-04
4826.48613462 1.845614586936e-04
4828.19677697 1.797065363974e-04
4829.90802561 1.797065363974e-04
4831.61988078 1.724240442281e-04
4833.33234267 1.675690349518e-04
4835.04541150 1.675690349518e-04
4836.75908750 1.675690349518e-04
4838.47337087 1.602865862725e-04
4840.18826183 1.602865862725e-04
4841.90376060 1.602865862725e-04
4843.61986739 1.602865862725e-04
4845.33658241 1.554316639763e-04
4847.05390589 1.554316639763e-04
4848.77183803 1.602865862725e-04
4850.49037906 1.554316639763e-04
4852.20952919 1.602865862725e-04
4853.92928863 1.554316639763e-04
4855.64965760 1.602865862725e-04
4857.37063632 1.602865862725e-04
4859.09222501 1.602865862725e-04
4860.81442387 1.675690349518e-04
4862.53723313 1.699965178449e-04
4864.26065300 2.088941293620e-04
4865.98468370 1.991841977896e-04
4867.70932544 2.161766215314e-04
4869.43457845 2.283718777342e-04
4871.16044293 2.453642579861e-04
4872.88691911 2.453642579861e-04
4874.61400720 2.623566817279e-04
4876.34170742 2.575017594317e-04
4878.07001998 2.721244985276e-04
4879.79894511 2.963993274588e-04
4881.52848301 2.794069472070e-04
4883.25863392 3.110220665547e-04
4884.98939803 3.061671007685e-04
4886.72077558 3.596296096443e-04
4888.45276678 3.499196780718e-04
4890.18537185 3.474921516887e-04
4891.91859099 3.620570925374e-04
4893.65242444 3.596296096443e-04
4895.38687241 3.839622803127e-04
4897.12193512 3.717670675999e-04
4898.85761278 3.790494727892e-04
4900.59390561 3.815347974196e-04
4902.33081384 3.930853574473e-04
4904.06833767 3.839622803127e-04
4905.80647733 4.529347248558e-04
4907.54523304 4.737660133695e-04
4909.28460501 4.944872721125e-04
4911.02459346 5.301082144497e-04
4912.76519862 5.841506628489e-04
4914.50642069 6.412917757435e-04
4916.24825990 7.115686166965e-04
4917.99071647 8.186771623663e-04
4919.73379061 9.705504287612e-04
4921.47748255 1.131847984225e-03
4923.22179250 1.230372033267e-03
4924.96672069 1.211078987043e-03
4926.71226732 1.108361194601e-03
4928.45843263 9.842241284660e-04
4930.20521683 8.949778070981e-04
4931.95262013 7.875709198362e-04
4933.70064277 5.803274544871e-04
4935.44928495 5.332982080038e-04
4937.19854690 4.932656372258e-04
4938.94842884 4.706203796440e-04
4940.69893099 4.323263662255e-04
4942.45005356 3.939909068104e-04
4944.20179678 3.748646013545e-04
4945.95416087 3.679096325860e-04
4947.70714604 3.591743995212e-04
4949.46075252 3.539581620723e-04
4951.21498053 3.504806124530e-04
4952.96983029 3.435256001945e-04
4954.72530201 3.435256001945e-04
4956.48139593 3.278354418513e-04
4958.23811225 3.330516358101e-04
4959.99545120 3.191416547831e-04
4961.75341300 3.069289155890e-04
4963.51199788 3.139253738442e-04
4965.27120604 2.999739033305e-04
4967.03103772 2.947576658817e-04
4968.79149313 2.878026101331e-04
4970.55257250 2.964963972013e-04
4972.31427604 3.017126781402e-04
4974.07660398 3.086676903987e-04
4975.83955654 3.139253738442e-04
4977.60313394 3.330516358101e-04
4979.36733640 3.504806124530e-04
4981.13216414 3.591743995212e-04
4982.89761739 3.818196136130e-04
4984.66369636 3.939909068104e-04
4986.43040128 4.062036460045e-04
4988.19773238 4.340651410352e-04
4989.96568986 4.493550606507e-04
4991.73427396 4.596343636698e-04
4993.50348489 4.761301312918e-04
4995.27332288 5.049609755567e-04
4997.04378815 5.687408412262e-04
4998.81488093 5.955159118673e-04
5000.58660143 6.016832327386e-04
5002.35894987 6.593449212683e-04
5004.13192649 6.840637833854e-04
5005.90553150 7.705563161801e-04
5007.67976513 8.487761758478e-04
5009.45462759 8.796627937364e-04
5011.23011911 9.023258822297e-04
5013.00623992 9.725870667726e-04
5014.78299024 1.040682447921e-03
5016.56037028 1.096224867386e-03
5018.33838028 1.095194153722e-03
5020.11702046 1.023282957517e-03
5021.89629104 8.987601348337e-04
5023.67619224 7.633247943235e-04
5025.45672428 6.759733334758e-04
5027.23788740 6.357159192530e-04
5029.01968181 6.156996338641e-04
5030.80210774 5.925324959462e-04
5032.58516541 5.444794942037e-04
5034.36885505 4.884760804417e-04
5036.15317688 4.406548805485e-04
5037.93813112 3.990216157998e-04
5039.72371800 3.766196414346e-04
5041.50993774 3.665279978864e-04
5043.29679057 3.519853674220e-04
5045.08427671 3.251831590034e-04
5046.87239638 2.978291925995e-04
5048.66114981 2.843911218664e-04
5050.45053723 2.825962014306e-04
5052.24055886 2.768717830045e-04
5054.03121492 2.695614572172e-04
5055.82250564 2.327875072576e-04
5057.61443124 1.911418913409e-04
5059.40699196 1.853481063202e-04
5061.20018800 1.978575344853e-04
5062.99401961 1.880041728005e-04
5064.78848700 1.692625801323e-04
5066.58359040 1.812302530186e-04
5068.37933003 2.266082266286e-04
5070.17570613 2.512689425782e-04
5071.97271891 2.338602322883e-04
5073.77036860 1.996498455194e-04
5075.56865543 1.930908969460e-04
5077.36757963 1.897723903591e-04
5079.16714141 1.764289539269e-04
5080.96734101 1.651944359327e-04
5082.76817865 1.767037674139e-04
5084.56965456 1.867469630709e-04
5086.37176896 1.888673193863e-04
5088.17452208 1.723287575767e-04
5089.97791415 1.394723023596e-04
5091.78194539 1.467206113670e-04
5093.58661603 1.759149017959e-04
5095.39192630 2.047726228981e-04
5097.19787642 2.296539637598e-04
5099.00446662 2.598627460720e-04
5100.81169712 2.696023813336e-04
5102.61956816 2.602314545294e-04
5104.42807996 2.540860526322e-04
5106.23723274 2.695727211345e-04
5108.04702674 2.918601427659e-04
5109.85746218 3.000093042133e-04
5111.66853930 2.895730891732e-04
5113.48025830 2.720413890841e-04
5115.29261944 2.472830815116e-04
5117.10562292 2.327525412751e-04
5118.91926898 2.604613428174e-04
5120.73355785 3.328306194878e-04
5122.54848976 3.837189970961e-04
5124.36406493 3.884058304340e-04
5126.18028359 3.873813793344e-04
5127.99714596 4.155199058434e-04
5129.81465229 4.468909156640e-04
5131.63280279 4.585592901776e-04
5133.45159769 4.468282900237e-04
5135.27103723 4.279973253480e-04
5137.09112163 4.184972766506e-04
5138.91185111 4.059362693123e-04
5140.73322591 3.844034431568e-04
5142.55524626 3.798376425668e-04
5144.37791239 3.717670675999e-04
5146.20122452 3.644846189206e-04
5148.02518288 3.693395847068e-04
5149.84978771 3.596296096443e-04
5151.67503922 3.693395847068e-04
5153.50093766 3.936721683951e-04
5155.32748324 4.204324089367e-04
5157.15467621 4.617575468370e-04
5158.98251678 4.982278494211e-04
5160.81100519 6.319127163041e-04
5162.64014167 6.708106322514e-04
5164.46992645 7.631708396244e-04
5166.30035975 8.920587564185e-04
5168.13144181 9.491485510800e-04
5169.96317286 9.474337392758e-04
5171.79555312 8.924584297758e-04
5173.62858284 7.799692978413e-04
5175.46226223 6.503546626793e-04
5177.29659152 5.618072260614e-04
5179.13157096 5.411446788563e-04
5180.96720076 5.579448766744e-04
5182.80348116 5.763102806003e-04
5184.64041239 5.889380451316e-04
5186.47799468 6.127014313335e-04
5188.31622826 6.300343819946e-04
5190.15511337 6.236283008695e-04
5191.99465022 6.316587345405e-04
5193.83483906 7.008813772147e-04
5195.67568012 7.989866172870e-04
5197.51717362 8.491915056152e-04
5199.35931979 8.046868552576e-04
5201.20211888 6.798078492449e-04
5203.04557110 5.376611276132e-04
5204.88967670 4.384921214558e-04
5206.73443590 4.026101954606e-04
5208.57984893 3.947262362039e-04
5210.42591603 3.700663030748e-04
5212.27263743 3.292214690438e-04
5214.12001336 3.107170709883e-04
5215.96804405 3.295971793957e-04
5217.81672973 3.751248456821e-04
5219.66607064 4.236357539294e-04
5221.51606701 4.555054204111e-04
5223.36671907 4.813519789543e-04
5225.21802705 5.182610959210e-04
5227.06999119 5.753395831752e-04
5228.92261172 6.501476501460e-04
5230.77588886 7.389364564193e-04
5232.62982287 8.214748758678e-04
5234.48441395 8.592190013722e-04
5236.33966236 8.252572036033e-04
5238.19556832 7.369202587210e-04
5240.05213206 6.562475614739e-04
5241.90935382 5.847490856343e-04
5243.76723383 5.073220491771e-04
5245.62577233 4.364102538152e-04
5247.48496955 4.151625917734e-04
5249.34482572 4.058097133308e-04
5251.20534107 4.033821869477e-04
5253.06651584 4.058097133308e-04
5254.92835027 4.204324089367e-04
5256.79084458 4.447072813579e-04
5258.65399901 4.714675653895e-04
5260.51781380 4.933147809575e-04
5262.38228917 5.468353490207e-04
5264.24742537 5.905876218938e-04
5266.11322263 7.267005370403e-04
5267.97968117 8.142633594241e-04
5269.84680124 9.227501040814e-04
5271.71458307 1.004241718556e-03
5273.58302689 1.061188865925e-03
5275.45213295 1.053290207039e-03
5277.32190147 9.935122937469e-04
5279.19233268 9.200250189266e-04
5281.06342683 8.590241660467e-04
5282.93518415 8.059202324518e-04
5284.80760487 7.399863056953e-04
5286.68068923 6.602895246766e-04
5288.55443746 5.788766271528e-04
5290.42884980 5.084993242352e-04
5292.30392649 4.573111263738e-04
5294.17966776 4.380246036548e-04
5296.05607384 4.338994005384e-04
5297.93314497 4.229139064446e-04
5299.81088139 4.088210063599e-04
5301.68928333 4.275375922619e-04
5303.56835103 4.633845087846e-04
5305.44808473 5.148319072129e-04
5307.32848465 5.838044822260e-04
5309.20955105 6.661467616482e-04
5311.09128414 7.666622190726e-04
5312.97368417 8.954022697714e-04
5314.85675138 1.021184128765e-03
5316.74048601 1.075777160919e-03
5318.62488828 1.010063728605e-03
5320.50995843 8.668354099765e-04
5322.39569671 7.397118836186e-04
5324.28210334 6.665855760308e-04
5326.16917857 6.330865121599e-04
5328.05692264 6.120560393179e-04
5329.94533577 5.854079595585e-04
5331.83441821 5.911782164741e-04
5333.72417019 6.223131624227e-04
5335.61459196 6.238692356247e-04
5337.50568374 5.566462644382e-04
5339.39744578 4.671290001958e-04
5341.28987832 4.068354691313e-04
5343.18298158 3.780276310912e-04
5345.07675581 3.512824815894e-04
5346.97120126 3.136259450014e-04
5348.86631814 2.968890251741e-04
5350.76210671 3.049785183031e-04
5352.65856720 3.222822001754e-04
5354.55569984 3.381354026337e-04
5356.45350489 3.659498849441e-04
5358.35198257 4.354378167891e-04
5360.25113312 5.354540086919e-04
5362.15095679 6.211032698436e-04
5364.05145381 6.462313731242e-04
5365.95262441 5.987859270729e-04
5367.85446885 5.120146231988e-04
5369.75698735 4.385769270104e-04
5371.66018016 3.809488562723e-04
5373.56404751 3.451332090797e-04
5375.46858965 3.406364706542e-04
5377.37380681 3.457509849275e-04
5379.27969923 3.216320242567e-04
5381.18626716 2.851032275849e-04
5383.09351082 2.537697931486e-04
5385.00143047 2.176711128538e-04
5386.91002634 1.644753718097e-04
5388.81929867 1.390971138880e-04
5390.72924769 1.608682653970e-04
5392.63987366 1.832247491929e-04
5394.55117681 1.809597885344e-04
5396.46315737 1.869838097635e-04
5398.37581560 2.080450735453e-04
5400.28915172 2.122283793391e-04
5402.20316599 2.003318561386e-04
5404.11785863 1.983805890521e-04
5406.03322990 2.207070647287e-04
5407.94928003 2.514048489157e-04
5409.86600926 2.995864506711e-04
5411.78341783 3.462455100360e-04
5413.70150599 3.633738401153e-04
5415.62027397 3.543854950875e-04
5417.53972202 3.586826142845e-04
5419.45985037 3.861409132656e-04
5421.38065927 4.292234397075e-04
5423.30214896 4.748623969755e-04
5425.22431968 5.076203907692e-04
5427.14717167 5.135058962590e-04
5429.07070517 4.894132905452e-04
5430.99492043 4.664836081802e-04
5432.91981768 4.374783689030e-04
5434.84539717 3.862790375945e-04
5436.77165914 3.211704210995e-04
5438.69860383 2.685451387528e-04
5440.62623149 2.213128373288e-04
5442.55454235 1.792733757185e-04
5444.48353665 1.595238581613e-04
5446.41321465 1.534721772745e-04
5448.34357658 1.274404381920e-04
5450.27462269 8.994816343982e-05
5452.20635321 6.085281282462e-05
5454.13876839 6.490530061411e-05
5456.07186847 9.280010900626e-05
5458.00565370 9.740091906884e-05
5459.94012432 4.767550829943e-05
5461.87528056 1.412169483231e-05
5463.81112268 2.665123278638e-05
5465.74765092 5.176078757004e-05
5467.68486552 6.917162887131e-05
5469.62276672 9.390562551813e-05
5471.56135477 1.124632553678e-04
5473.50062990 1.175026188728e-04
5475.44059237 1.342548037000e-04
5477.38124242 1.673614135581e-04
5479.32258029 1.879338494252e-04
5481.26460623 1.740510931558e-04
5483.20732047 1.563239923708e-04
5485.15072326 1.454959756684e-04
5487.09481486 1.328920001824e-04
5489.03959549 1.184880159273e-04
5490.98506541 1.171259517403e-04
5492.93122485 1.370043737405e-04
5494.87807407 1.646225420645e-04
5496.82561331 1.873610422664e-04
5498.77384281 2.155417106126e-04
5500.72276282 2.413161626894e-04
5502.67237358 2.452645788419e-04
5504.62267534 2.477842605944e-04
5506.57366834 2.567376396397e-04
5508.52535282 2.541282379594e-04
5510.47772904 2.342192424695e-04
5512.43079723 2.026036447314e-04
5514.38455765 1.709431217945e-04
5516.33901053 1.658356094156e-04
5518.29415613 1.794109346771e-04
5520.24999469 2.132390006098e-04
5522.20652645 2.679496732894e-04
5524.16375166 3.390314711707e-04
5526.12167056 4.134693510230e-04
5528.08028341 4.647822782847e-04
5530.03959044 4.974715578341e-04
5531.99959191 5.258701112206e-04
5533.96028806 5.474776967343e-04
5535.92167913 5.407297839891e-04
5537.88376538 4.820295535906e-04
5539.84654704 3.653302825151e-04
5541.81002437 1.020636154413e-04
5543.77419761 1.123536170072e-04
5545.73906701 1.850590281040e-04
5547.70463282 2.175275522713e-04
5549.67089527 1.890963813638e-04
5551.63785462 1.092262925835e-04
5553.60551112 2.046322370877e-05
5555.57386502 0.000000000000e+00
5557.54291655 0.000000000000e+00
5559.51266597 0.000000000000e+00
5561.48311352 0.000000000000e+00
5563.45425946 0.000000000000e+00
5565.42610403 3.847730649048e-05
5567.39864747 4.316506181704e-05
5569.37189004 1.822681860269e-05
5571.34583198 1.085692887304e-05
5573.32047354 4.512977602017e-05
5575.29581497 9.350460396990e-05
5577.27185651 9.987819804402e-05
5579.24859842 6.585455745536e-05
5581.22604095 4.395284888232e-05
5583.20418433 4.978716660918e-05
5585.18302883 5.649232865679e-05
5587.16257468 7.602926695711e-05
5589.14282214 1.073112961804e-04
5591.12377145 6.836449744157e-05
5593.10542287 2.140810545320e-05
5595.08777664 3.206666326151e-05
5597.07083302 3.808996255606e-05
5599.05459224 0.000000000000e+00
5601.03905457 0.000000000000e+00
5603.02422024 0.000000000000e+00
5605.01008951 0.000000000000e+00
5606.99666263 0.000000000000e+00
5608.98393985 0.000000000000e+00
5610.97192141 0.000000000000e+00
5612.96060757 0.000000000000e+00
5614.94999858 0.000000000000e+00
5616.94009468 0.000000000000e+00
5618.93089613 0.000000000000e+00
5620.92240318 0.000000000000e+00
5622.91461607 0.000000000000e+00
5624.90753506 0.000000000000e+00
5626.90116039 0.000000000000e+00
5628.89549232 0.000000000000e+00
5630.89053110 0.000000000000e+00
5632.88627698 0.000000000000e+00
5634.88273020 0.000000000000e+00
5636.87989103 0.000000000000e+00
5638.87775970 2.457465353322e-05
5640.87633647 4.659573788414e-05
5642.87562160 3.594436027945e-05
5644.87561533 2.866619536787e-05
5646.87631791 3.816013806525e-05
5648.87772960 3.329869226484e-05
5650.87985064 2.830389734057e-05
5652.88268130 4.780402133218e-05
5654.88622181 9.430560330569e-05
5656.89047243 1.489936176806e-04
5658.89543342 1.766906334254e-04
5660.90110502 1.572837303088e-04
5662.90748749 1.180691199776e-04
5664.91458107 1.118314322410e-04
5666.92238603 9.723770099374e-05
5668.93090260 9.898765274057e-05
5670.94013106 1.364239558267e-04
5672.95007164 1.534097255943e-04
5674.96072460 1.193472049206e-04
5676.97209019 1.011857692260e-04
5678.98416866 1.000196711051e-04
5680.99696028 8.766345830865e-05
5683.01046528 1.021236316799e-04
5685.02468393 1.106706833936e-04
5687.03961647 8.092402611896e-05
5689.05526316 4.580761159664e-05
5691.07162425 3.631015925400e-05
5693.08870000 3.628381734404e-05
5695.10649065 3.469151694872e-05
5697.12499647 1.610848022464e-05
5699.14421770 2.780861985465e-06
5701.16415460 7.697743654766e-06
5703.18480743 1.006252697451e-05
5705.20617642 1.407192049525e-07
5707.22826185 0.000000000000e+00
5709.25106397 0.000000000000e+00
5711.27458302 0.000000000000e+00
5713.29881926 0.000000000000e+00
5715.32377295 0.000000000000e+00
5717.34944434 0.000000000000e+00
5719.37583369 0.000000000000e+00
5721.40294124 9.381403551915e-06
5723.43076726 2.096402877725e-05
5725.45931200 3.529031374830e-07
5727.48857571 0.000000000000e+00
5729.51855865 0.000000000000e+00
5731.54926107 1.158539119112e-07
5733.58068323 1.274853199009e-05
5735.61282538 6.862456780904e-06
5737.64568778 1.882248412026e-05
5739.67927068 7.176933173403e-06
5741.71357435 8.851955950991e-06
5743.74859902 1.133494081785e-05
5745.78434497 8.024310275050e-06
5747.82081244 1.133494081785e-05
5749.85800170 1.133494081785e-05
5751.89591299 1.133494081785e-05
5753.93454657 7.176933173403e-06
5755.97390271 8.851955950991e-06
5758.01398165 1.299028000876e-05
5760.05478365 1.299028000876e-05
5762.09630896 2.641781745708e-05
5764.13855786 1.547323878160e-05
5766.18153058 4.204262333527e-06
5768.22522739 0.000000000000e+00
5770.26964854 0.000000000000e+00
5772.31479429 1.055357288070e-05
5774.36066490 0.000000000000e+00
5776.40726063 0.000000000000e+00
5778.45458172 0.000000000000e+00
5780.50262844 0.000000000000e+00
5782.55140105 0.000000000000e+00
5784.60089980 0.000000000000e+00
5786.65112496 0.000000000000e+00
5788.70207676 0.000000000000e+00
5790.75375549 1.555573501572e-05
5792.80616138 3.567102545345e-05
5794.85929471 0.000000000000e+00
5796.91315572 0.000000000000e+00
5798.96774469 0.000000000000e+00
5801.02306185 0.000000000000e+00
5803.07910748 2.260164143275e-06
5805.13588182 1.129897891369e-05
5807.19338515 3.478103247336e-05
5809.25161771 6.178741352643e-06
5811.31057977 6.178741352643e-06
5813.37027158 8.473370908211e-06
5815.43069341 8.473370908211e-06
5817.49184551 1.191535003359e-05
5819.55372813 8.473370908211e-06
5821.61634155 1.076803525580e-05
5823.67968601 8.473370908211e-06
5825.74376178 6.178741352643e-06
5827.80856912 8.473370908211e-06
5829.87410829 8.473370908211e-06
5831.94037953 6.178741352643e-06
5834.00738313 8.473370908211e-06
5836.07511933 8.473370908211e-06
5838.14358839 8.473370908211e-06
5840.21279057 6.178741352643e-06
5842.28272614 6.178741352643e-06
5844.35339535 3.884075700351e-06
5846.42479847 6.178741352643e-06
5848.49693575 3.884075700351e-06
5850.56980745 5.031400480842e-06
5852.64341383 5.031400480842e-06
5854.71775516 7.326056130427e-06
5856.79283170 5.031400480842e-06
5858.86864370 5.031400480842e-06
5860.94519143 7.326056130427e-06
5863.02247514 7.326056130427e-06
5865.10049510 5.031400480842e-06
5867.17925157 5.031400480842e-06
5869.25874481 5.031400480842e-06
5871.33897509 5.031400480842e-06
5873.41994265 5.031400480842e-06
5875.50164776 5.031400480842e-06
5877.58409070 5.031400480842e-06
5879.66727170 1.562105268878e-06
5881.75119105 3.884075700351e-06
5883.83584899 3.884075700351e-06
5885.92124580 6.178741352643e-06
5888.00738173 6.178741352643e-06
5890.09425704 3.884075700351e-06
5892.18187201 3.884075700351e-06
5894.27022688 3.884075700351e-06
5896.35932192 3.884075700351e-06
5898.44915740 3.884075700351e-06
5900.53973357 3.884075700351e-06
5902.63105071 3.884075700351e-06
5904.72310906 3.884075700351e-06
5906.81590890 6.178741352643e-06
5908.90945048 3.884075700351e-06
5911.00373408 3.884075700351e-06
5913.09875995 3.884075700351e-06
5915.19452835 4.147900996835e-07
5917.29103956 0.000000000000e+00
5919.38829382 3.442758031776e-05
5921.48629141 4.969544614011e-05
5923.58503260 5.259949276010e-05
5925.68451763 4.020701362928e-05
5927.78474678 3.315244834767e-05
5929.88572031 4.928433490539e-05
5931.98743849 4.989341274759e-05
5934.08990157 3.340110258279e-05
5936.19310983 5.105455300528e-05
5938.29706352 2.123718094514e-05
5940.40176291 1.044526966396e-06
5942.50720826 0.000000000000e+00
5944.61339985 0.000000000000e+00
5946.72033793 2.181515906832e-06
5948.82802277 1.816548461620e-05
5950.93645463 1.039093322298e-05
5953.04563377 0.000000000000e+00
5955.15556047 0.000000000000e+00
5957.26623499 1.440143139043e-05
5959.37765759 1.035335783878e-05
5961.48982853 0.000000000000e+00
5963.60274809 0.000000000000e+00
5965.71641653 0.000000000000e+00
5967.83083411 0.000000000000e+00
5969.94600110 8.493437207132e-06
5972.06191777 3.368014764947e-05
5974.17858437 3.011906673340e-05
5976.29600118 4.668928493437e-05
5978.41416847 4.622811667742e-05
5980.53308649 4.401303908107e-05
5982.65275551 5.819844245540e-05
5984.77317581 8.357117714353e-05
5986.89434764 1.273317131220e-04
5989.01627128 1.669504327935e-04
5991.13894698 1.968884461913e-04
5993.26237502 2.199161115894e-04
5995.38655566 2.056485990422e-04
5997.51148918 1.672967003964e-04
5999.63717582 7.436716506684e-05
6001.76361588 2.172067263347e-05
6003.89080960 3.917813959376e-05
6006.01875726 3.650723866490e-05
6008.14745912 0.000000000000e+00
6010.27691545 0.000000000000e+00
6012.40712653 0.000000000000e+00
6014.53809261 0.000000000000e+00
6016.66981397 1.082469406429e-05
6018.80229086 1.196408060996e-05
6020.93552357 1.029497247618e-05
6023.06951235 1.369857165185e-05
6025.20425748 2.433613247463e-05
6027.33975923 1.021200654976e-05
6029.47601785 1.293922271588e-05
6031.61303363 1.498464136398e-05
6033.75080682 1.293922271588e-05
6035.88933771 1.498464136398e-05
6038.02862654 1.293922271588e-05
6040.16867360 1.225742519786e-05
6042.30947916 1.293922271588e-05
6044.45104347 1.498464136398e-05
6046.59336682 1.498464136398e-05
6048.73644946 1.498464136398e-05
6050.88029168 1.498464136398e-05
6053.02489373 1.498464136398e-05
6055.17025589 1.498464136398e-05
6057.31637843 1.636449297250e-05
6059.46326161 1.636449297250e-05
6061.61090571 1.636449297250e-05
6063.75931099 1.840991596960e-05
6065.90847773 1.636449297250e-05
6068.05840619 1.840991596960e-05
6070.20909665 1.840991596960e-05
6072.36054937 1.977351535465e-05
6074.51276463 3.017358583251e-06
6076.66574270 8.337060113437e-06
6078.81948384 2.681750821045e-05
6080.97398833 3.003028619024e-05
6083.12925643 3.877955783611e-05
6085.28528842 6.450888900885e-05
6087.44208457 9.211583690564e-05
6089.59964515 9.693931591160e-05
6091.75797043 4.578495329205e-05
6093.91706068 1.614605560884e-05
6096.07691617 2.214393498202e-05
6098.23753718 0.000000000000e+00
6100.39892397 0.000000000000e+00
6102.56107682 0.000000000000e+00
6104.72399599 1.504995468803e-06
6106.88768177 1.587179879424e-05
6109.05213441 1.746594316675e-05
6111.21735420 1.555039444028e-05
6113.38334140 3.245253723298e-05
6115.55009629 5.722517911869e-05
6117.71761914 5.957098773922e-05
6119.88591022 5.736869621111e-05
6122.05496981 4.738699545365e-05
6124.22479816 4.608481703514e-05
6126.39539557 7.267375035641e-05
6128.56676230 1.063120692969e-04
6130.73889862 1.027537586957e-04
6132.91180481 8.041754125282e-05
6135.08548113 7.379322716727e-05
6137.25992787 8.919700367613e-05
6139.43514529 1.288046768805e-04
6141.61113367 1.748588769359e-04
6143.78789329 2.170114561090e-04
6145.96542441 2.943871308431e-04
6148.14372730 3.510338056093e-04
6150.32280225 3.545556715671e-04
6152.50264952 3.261233699188e-04
6154.68326939 3.033331165836e-04
6156.86466214 2.417714163025e-04
6159.04682803 1.663413114612e-04
6161.22976734 1.215128778451e-04
6163.41348035 1.052780503911e-04
6165.59796733 9.920592919113e-05
6167.78322855 8.298601881673e-05
6169.96926429 5.297342002088e-05
6172.15607482 4.577682065682e-05
6174.34366042 8.058697840193e-05
6176.53202136 9.820209236473e-05
6178.72115792 8.625864342405e-05
6180.91107036 8.305934300394e-05
6183.10175898 9.097165775888e-05
6185.29322404 5.837527290927e-05
6187.48546581 3.248845129811e-05
6189.67848457 4.858697230634e-05
6191.87228061 7.889852155469e-05
6194.06685418 6.986912194044e-05
6196.26220558 3.393211582472e-05
6198.45833507 4.482386716319e-06
6200.65524293 0.000000000000e+00
6202.85292943 7.032276642255e-07
6205.05139486 3.916137853697e-05
6207.25063948 2.967996096765e-06
6209.45066358 0.000000000000e+00
6211.65146743 4.667493322513e-05
6213.85305130 8.820056015450e-05
6216.05541548 9.555259287865e-05
6218.25856024 1.197535322522e-04
6220.46248586 1.497808306775e-04
6222.66719261 1.373498585229e-04
6224.87268076 1.135104952422e-04
6227.07895061 1.397958681680e-04
6229.28600242 1.829872501500e-04
6231.49383647 2.291639616143e-04
6233.70245304 3.074469688026e-04
6235.91185240 3.616345434253e-04
6238.12203484 4.016433686480e-04
6240.33300063 4.466756400254e-04
6242.54475005 4.819677977509e-04
6244.75728337 4.772556532166e-04
6246.97060088 4.745862352977e-04
6249.18470285 4.788639144522e-04
6251.39958956 4.444385129848e-04
6253.61526129 4.313942444553e-04
6255.83171831 3.530425665128e-04
6258.04896091 2.526390524205e-04
6260.26698936 2.063402209575e-04
6262.48580394 2.028223995723e-04
6264.70540494 1.939066394012e-04
6266.92579262 1.570284438445e-04
6269.14696727 1.234932397603e-04
6271.36892917 1.182560836080e-04
6273.59167859 1.533447080024e-04
6275.81521582 2.027211112971e-04
6278.03954113 1.875363505692e-04
6280.26465480 1.874952524928e-04
6282.49055712 1.759548256416e-04
6284.71724836 1.244475414448e-04
6286.94472880 1.081150788779e-04
6289.17299873 9.089498483951e-05
6291.40205841 8.944263535430e-05
6293.63190814 8.871643886669e-05
6295.86254819 8.361588489232e-05
6298.09397884 9.307353081233e-05
6300.32620037 9.452588029753e-05
6302.55921306 1.047096792151e-04
6304.79301720 1.170720241055e-04
6307.02761306 1.381657749383e-04
6309.26300092 1.505281198287e-04
6311.49918107 2.174403547652e-04
6313.73615378 2.399864985732e-04
6315.97391934 2.747090674019e-04
6318.21247802 3.032449622969e-04
6320.45183011 3.220529207478e-04
6322.69197590 3.176344208826e-04
6324.93291565 2.157177147559e-04
6327.17464965 1.789880376448e-04
6329.41717819 1.545542091712e-04
6331.66050155 1.322978829098e-04
6333.90462000 1.677098121725e-04
6336.14953383 1.773145848572e-04
6338.39524332 1.687555298958e-04
6340.64174875 1.314489575632e-04
6342.88905041 1.034299851411e-04
6345.13714857 9.871601402566e-05
6347.38604352 8.779149295109e-05
6349.63573555 8.557271870237e-05
6351.88622493 8.906083639845e-05
6354.13751194 1.006478410696e-04
6356.38959688 8.353360175933e-05
6358.64248001 5.482979186625e-05
6360.89616164 2.137451810458e-05
6363.15064203 1.499577916015e-05
6365.40592147 3.141994914907e-05
6367.66200024 3.233120875286e-05
6369.91887864 4.875536569477e-05
6372.17655693 6.153456250361e-05
6374.43503541 1.185901305131e-04
6376.69431436 1.055377293483e-04
6378.95439406 7.144132994282e-05
6381.21527480 6.391629388727e-05
6383.47695685 5.360685227876e-05
6385.73944051 4.997726152158e-05
6388.00272606 4.322282962124e-05
6390.26681377 1.239091348981e-05
6392.53170395 0.000000000000e+00
6394.79739687 0.000000000000e+00
6397.06389281 0.000000000000e+00
6399.33119206 7.872751876458e-06
6401.59929490 1.465866185907e-05
6403.86820163 0.000000000000e+00
6406.13791252 0.000000000000e+00
6408.40842785 9.475711677643e-06
6410.67974793 3.809038875833e-05
6412.95187302 6.131154564001e-05
6415.22480342 8.665749047088e-05
6417.49853941 8.960815840089e-05
6419.77308127 7.280469883073e-05
6422.04842930 8.808539856034e-05
6424.32458377 8.520870716797e-05
6426.60154497 2.214388714299e-05
6428.87931320 6.196472237060e-05
6431.15788873 9.299463990153e-05
6433.43727185 1.591696318832e-04
6435.71746285 1.983654980124e-04
6437.99846201 1.637357803935e-04
6440.28026962 8.701180372903e-05
6442.56288597 5.246463018326e-05
6444.84631135 8.329092740307e-05
6447.13054603 7.226303053193e-05
6449.41559031 3.962664790357e-05
6451.70144447 3.210693067844e-05
6453.98810881 1.867924536402e-04
6456.27558360 3.119688444644e-04
6458.56386914 2.423561832191e-04
6460.85296571 1.235285971531e-04
6463.14287360 5.528878562180e-05
6465.43359310 6.312521027787e-05
6467.72512450 4.306139898629e-05
6470.01746807 1.126038151384e-05
6472.31062412 0.000000000000e+00
6474.60459293 0.000000000000e+00
6476.89937478 0.000000000000e+00
6479.19496997 0.000000000000e+00
6481.49137879 3.306810378736e-05
6483.78860151 3.216674686296e-05
6486.08663844 7.038256521106e-06
6488.38548985 5.150606647602e-06
6490.68515604 2.105268319934e-06
6492.98563730 0.000000000000e+00
6495.28693391 0.000000000000e+00
6497.58904617 0.000000000000e+00
6499.89197436 0.000000000000e+00
6502.19571877 4.461037461571e-06
6504.50027970 4.234658818801e-06
6506.80565743 1.710992075050e-06
6509.11185224 1.595362528193e-06
6511.41886444 7.959544925346e-07
6513.72669431 0.000000000000e+00
6516.03534213 0.000000000000e+00
6518.34480821 0.000000000000e+00
6520.65509283 0.000000000000e+00
6522.96619627 3.822522524116e-07
6525.27811884 4.133280954121e-07
6527.59086081 1.440230554000e-07
6529.90442249 2.532577415589e-10
6532.21880416 2.411589027481e-07
6534.53400611 3.826724095721e-07
6536.85002863 0.000000000000e+00
6539.16687202 0.000000000000e+00
6541.48453656 0.000000000000e+00
6543.80302255 0.000000000000e+00
6546.12233027 0.000000000000e+00
6548.44246002 0.000000000000e+00
6550.76341209 0.000000000000e+00
6553.08518677 0.000000000000e+00
6555.40778435 0.000000000000e+00
6557.73120513 0.000000000000e+00
6560.05544939 0.000000000000e+00
6562.38051743 0.000000000000e+00
6564.70640954 0.000000000000e+00
6567.03312601 0.000000000000e+00
6569.36066714 0.000000000000e+00
6571.68903321 0.000000000000e+00
6574.01822452 0.000000000000e+00
6576.34824136 0.000000000000e+00
6578.67908402 0.000000000000e+00
6581.01075280 0.000000000000e+00
6583.34324799 0.000000000000e+00
6585.67656988 0.000000000000e+00
6588.01071876 0.000000000000e+00
6590.34569494 0.000000000000e+00
6592.68149869 2.243739264399e-05
6595.01813032 4.194915021808e-05
6597.35559012 5.886753653625e-05
6599.69387837 7.802776421399e-05
6602.03299539 9.533601253919e-05
6604.37294145 1.050858679574e-04
6606.71371685 1.008165823783e-04
6609.05532189 8.688246438575e-05
6611.39775687 3.545191399436e-05
6613.74102206 0.000000000000e+00
6616.08511778 0.000000000000e+00
6618.43004431 5.392398156297e-05
6620.77580195 4.346834822533e-05
6623.12239098 1.568317819378e-05
6625.46981172 3.223878809435e-05
6627.81806445 0.000000000000e+00
6630.16714947 0.000000000000e+00
6632.51706706 1.493543239729e-05
6634.86781754 0.000000000000e+00
6637.21940118 0.000000000000e+00
6639.57181830 2.721714677579e-05
6641.92506917 1.448702846355e-05
6644.27915411 0.000000000000e+00
6646.63407339 0.000000000000e+00
6648.98982733 0.000000000000e+00
6651.34641621 1.753274819877e-05
6653.70384034 4.568423038719e-05
6656.06210000 2.747895239537e-05
6658.42119550 0.000000000000e+00
6660.78112712 0.000000000000e+00
6663.14189517 0.000000000000e+00
6665.50349995 0.000000000000e+00
6667.86594174 2.557977766445e-05
6670.22922085 5.288135163160e-05
6672.59333757 1.131100825544e-06
6674.95829220 0.000000000000e+00
6677.32408504 0.000000000000e+00
6679.69071638 4.848059569784e-06
6682.05818652 3.650606443415e-06
6684.42649576 0.000000000000e+00
6686.79564439 1.556071897293e-05
6689.16563272 1.846342610005e-05
6691.53646104 1.786539037596e-05
6693.90812964 2.655409345983e-05
6696.28063883 1.423729132674e-05
6698.65398891 0.000000000000e+00
6701.02818017 0.000000000000e+00
6703.40321291 0.000000000000e+00
6705.77908742 0.000000000000e+00
6708.15580402 0.000000000000e+00
6710.53336298 0.000000000000e+00
6712.91176463 5.720543464598e-05
6715.29100924 2.805521266244e-05
6717.67109713 0.000000000000e+00
6720.05202858 0.000000000000e+00
6722.43380391 3.098444870665e-05
6724.81642340 6.857433682669e-05
6727.19988736 5.419266295598e-05
6729.58419609 2.618854672745e-06
6731.96934988 0.000000000000e+00
6734.35534904 0.000000000000e+00
6736.74219386 0.000000000000e+00
6739.12988465 0.000000000000e+00
6741.51842170 1.111395058954e-05
6743.90780532 7.532772931537e-06
6746.29803580 0.000000000000e+00
6748.68911345 0.000000000000e+00
6751.08103856 1.149818063796e-05
6753.47381144 1.127479410912e-05
6755.86743238 1.444508233154e-05
6758.26190169 3.475401646796e-05
6760.65721967 1.435439257614e-05
6763.05338662 0.000000000000e+00
6765.45040283 0.000000000000e+00
6767.84826862 0.000000000000e+00
6770.24698427 0.000000000000e+00
6772.64655010 4.892897788657e-05
6775.04696640 0.000000000000e+00
6777.44823348 0.000000000000e+00
6779.85035163 3.663334235011e-05
6782.25332116 4.083608383735e-05
6784.65714237 2.519416898214e-05
6787.06181556 2.800343343510e-05
6789.46734104 7.287906677862e-06
6791.87371910 0.000000000000e+00
6794.28095005 0.000000000000e+00
6796.68903420 0.000000000000e+00
6799.09797183 1.969428957064e-06
6801.50776326 0.000000000000e+00
6803.91840878 3.363691856164e-05
6806.32990871 1.629131665138e-05
6808.74226334 0.000000000000e+00
6811.15547298 6.709789386598e-06
6813.56953792 2.351093963627e-05
6815.98445848 0.000000000000e+00
6818.40023496 0.000000000000e+00
6820.81686765 1.975691955996e-05
6823.23435687 0.000000000000e+00
6825.65270291 3.408657500818e-06
6828.07190608 0.000000000000e+00
6830.49196669 0.000000000000e+00
6832.91288503 3.959224729142e-05
6835.33466141 3.574852903235e-05
6837.75729614 0.000000000000e+00
6840.18078952 0.000000000000e+00
6842.60514186 3.261548566991e-06
6845.03035345 5.942168647308e-07
6847.45642461 1.291979137137e-05
6849.88335563 2.015258313674e-05
6852.31114682 1.829873371300e-05
6854.73979850 2.695179671892e-05
6857.16931095 4.239987651932e-05
6859.59968450 1.343867524449e-05
6862.03091943 0.000000000000e+00
6864.46301607 0.000000000000e+00
6866.89597471 3.644912294048e-05
6869.32979565 5.157451978010e-05
6871.76447921 2.785190113052e-06
6874.20002570 0.000000000000e+00
6876.63643540 0.000000000000e+00
6879.07370864 0.000000000000e+00
6881.51184572 2.871758318495e-06
6883.95084694 2.860992796963e-05
6886.39071262 1.654463736650e-05
6888.83144304 0.000000000000e+00
6891.27303854 0.000000000000e+00
6893.71549940 0.000000000000e+00
6896.15882594 6.728781481827e-05
6898.60301846 3.515705160449e-05
6901.04807728 0.000000000000e+00
6903.49400269 0.000000000000e+00
6905.94079501 1.169700834799e-05
6908.38845454 3.853680084879e-05
6910.83698158 2.052962428353e-05
6913.28637646 0.000000000000e+00
6915.73663947 0.000000000000e+00
6918.18777092 2.977758303351e-05
6920.63977112 0.000000000000e+00
6923.09264038 0.000000000000e+00
6925.54637900 0.000000000000e+00
6928.00098730 0.000000000000e+00
6930.45646558 0.000000000000e+00
6932.91281415 0.000000000000e+00
6935.37003332 0.000000000000e+00
6937.82812340 0.000000000000e+00
6940.28708469 2.928580214585e-08
6942.74691751 0.000000000000e+00
6945.20762216 0.000000000000e+00
6947.66919896 0.000000000000e+00
6950.13164821 0.000000000000e+00
6952.59497022 0.000000000000e+00
6955.05916530 0.000000000000e+00
6957.52423376 6.930235989549e-06
6959.99017590 0.000000000000e+00
6962.45699205 0.000000000000e+00
6964.92468251 0.000000000000e+00
6967.39324759 0.000000000000e+00
6969.86268759 1.554845913403e-05
6972.33300283 0.000000000000e+00
6974.80419363 0.000000000000e+00
6977.27626028 4.383181613438e-05
6979.74920310 7.941387838654e-05
6982.22302240 0.000000000000e+00
6984.69771850 0.000000000000e+00
6987.17329169 0.000000000000e+00
6989.64974230 1.133443198452e-05
6992.12707064 3.744420087524e-05
6994.60527700 4.963438614080e-05
6997.08436172 3.033392051875e-05
6999.56432509 6.431788080586e-05
7002.04516742 1.157382284367e-04
7004.52688904 1.047720004253e-04
7007.00949025 6.756162803459e-05
7009.49297137 5.189839001864e-05
7011.97733270 0.000000000000e+00
7014.46257456 0.000000000000e+00
7016.94869725 9.292844807890e-05
7019.43570110 1.678785534811e-05
7021.92358642 0.000000000000e+00
7024.41235351 0.000000000000e+00
7026.90200269 0.000000000000e+00
7029.39253427 0.000000000000e+00
7031.88394856 0.000000000000e+00
7034.37624588 0.000000000000e+00
7036.86942654 3.194583491671e-05
7039.36349086 1.790099131289e-05
7041.85843914 3.550746815613e-05
7044.35427170 6.176745160357e-05
7046.85098886 4.069851618077e-05
7049.34859092 7.944032032357e-05
7051.84707820 1.179858800640e-04
7054.34645102 9.974303103698e-05
7056.84670968 1.437425447193e-04
7059.34785451 1.805178863599e-04
7061.84988581 1.645342573076e-04
7064.35280390 1.128295283837e-04
7066.85660910 1.259871319262e-04
7069.36130172 7.817815273083e-05
7071.86688207 3.355121276345e-05
7074.37335046 4.445963817865e-05
7076.88070722 0.000000000000e+00
7079.38895266 5.129618360087e-08
7081.89808709 3.337043341504e-05
7084.40811083 3.778706320902e-05
7086.91902419 5.250685900045e-05
7089.43082749 6.820941200171e-05
7091.94352105 2.746234790268e-05
7094.45710517 0.000000000000e+00
7096.97158018 0.000000000000e+00
7099.48694638 1.169037611872e-06
7102.00320411 0.000000000000e+00
7104.52035367 0.000000000000e+00
7107.03839537 0.000000000000e+00
7109.55732954 0.000000000000e+00
7112.07715649 0.000000000000e+00
7114.59787654 0.000000000000e+00
7117.11949000 3.877504792020e-05
7119.64199720 4.630879067936e-05
7122.16539844 3.972121696946e-05
7124.68969404 0.000000000000e+00
7127.21488433 0.000000000000e+00
7129.74096962 0.000000000000e+00
7132.26795022 2.049011359309e-05
7134.79582645 4.330301653487e-05
7137.32459863 5.822070934974e-05
7139.85426709 0.000000000000e+00
7142.38483212 0.000000000000e+00
7144.91629407 0.000000000000e+00
7147.44865323 2.840814728670e-05
7149.98190993 7.402463760628e-05
7152.51606449 1.171312140337e-04
7155.05111722 2.098742206331e-04
7157.58706845 3.285647696209e-04
7160.12391849 3.623810497560e-04
7162.66166766 2.508652246483e-04
7165.20031629 1.121536498585e-04
7167.73986468 4.864572733417e-06
7170.28031315 0.000000000000e+00
7172.82166204 0.000000000000e+00
7175.36391165 0.000000000000e+00
7177.90706230 0.000000000000e+00
7180.45111432 0.000000000000e+00
7182.99606802 8.199405476798e-05
7185.54192372 1.291383323753e-04
7188.08868175 8.526019936113e-05
7190.63634242 7.169909533880e-05
7193.18490605 8.266784577185e-05
7195.73437297 3.427175554742e-05
7198.28474349 0.000000000000e+00
7200.83601793 3.307886756929e-05
7203.38819661 2.878969400039e-05
7205.94127986 0.000000000000e+00
7208.49526799 0.000000000000e+00
7211.05016133 3.475045898367e-05
7213.60596019 1.133044829795e-04
7216.16266490 0.000000000000e+00
7218.72027578 0.000000000000e+00
7221.27879315 0.000000000000e+00
7223.83821733 0.000000000000e+00
7226.39854864 0.000000000000e+00
7228.95978740 0.000000000000e+00
7231.52193394 0.000000000000e+00
7234.08498858 0.000000000000e+00
7236.64895163 1.802246331011e-05
7239.21382343 0.000000000000e+00
7241.77960428 0.000000000000e+00
7244.34629452 0.000000000000e+00
7246.91389447 6.587464984830e-07
7249.48240445 2.078776369375e-05
7252.05182478 9.759170982169e-07
7254.62215579 0.000000000000e+00
7257.19339779 0.000000000000e+00
7259.76555112 1.428428665100e-05
7262.33861608 1.052824428839e-05
7264.91259302 0.000000000000e+00
7267.48748224 2.890637774552e-05
7270.06328408 0.000000000000e+00
7272.63999885 1.725209835005e-05
7275.21762688 1.875681852697e-05
7277.79616850 7.904125582660e-06
7280.37562403 6.152595147807e-06
7282.95599378 6.370767222293e-06
7285.53727809 0.000000000000e+00
7288.11947729 9.576799898736e-05
7290.70259168 3.681309098485e-04
7293.28662160 4.684337010359e-04
7295.87156738 4.368029687681e-04
7298.45742934 3.222844616569e-04
7301.04420779 2.338493162913e-04
7303.63190308 2.156245591159e-04
7306.22051551 1.825523063799e-04
7308.81004542 2.402887107778e-04
7311.40049314 3.346415007639e-04
7313.99185898 3.585290509956e-04
7316.58414327 2.842496488053e-04
7319.17734635 2.168643293443e-04
7321.77146852 2.927249419728e-04
7324.36651013 4.420996192788e-04
7326.96247149 4.846650492877e-04
7329.55935294 2.956479067549e-04
7332.15715479 1.614322875702e-04
7334.75587738 1.157978967551e-04
7337.35552102 1.028172976266e-04
7339.95608606 4.792005272690e-05
7342.55757280 2.925826426011e-05
7345.15998159 4.641560218814e-05
7347.76331274 7.278865101039e-05
7350.36756659 4.530217049118e-05
7352.97274346 0.000000000000e+00
7355.57884368 1.266785798814e-05
7358.18586757 1.167087084116e-04
7360.79381546 1.789753820466e-04
7363.40268768 7.575675844163e-05
7366.01248457 2.033954241813e-05
7368.62320643 1.116733894792e-04
7371.23485361 1.281651560187e-04
7373.84742643 5.004510596527e-05
7376.46092522 1.003181431673e-04
7379.07535031 1.313714148433e-04
7381.69070203 1.182380352464e-04
7384.30698069 9.489998151842e-05
7386.92418664 1.085104467225e-04
7389.54232021 1.710297104402e-04
7392.16138171 1.290058182600e-04
7394.78137148 4.420774393645e-05
7397.40228985 3.129169705649e-05
7400.02413714 8.961529076548e-05
7402.64691370 1.182052437653e-04
7405.27061983 1.232550883670e-04
7407.89525589 1.013937820299e-04
7410.52082218 1.073684855672e-04
7413.14731906 1.374719785216e-04
7415.77474683 1.665838118574e-04
7418.40310585 1.650086465331e-04
7421.03239642 1.239012197130e-04
7423.66261889 8.800198468663e-05
7426.29377359 5.760654317426e-05
7428.92586084 8.098704316954e-05
7431.55888097 1.059987671352e-04
7434.19283432 1.666228659025e-04
7436.82772122 1.749060636163e-04
7439.46354200 1.106571579949e-04
7442.10029699 1.244292756331e-04
7444.73798651 1.600109029849e-04
7447.37661091 1.518949679189e-04
7450.01617051 1.556148004842e-04
7452.65666564 2.244414229633e-04
7455.29809664 2.732892049676e-04
7457.94046384 3.028546827855e-04
7460.58376757 2.516046421044e-04
7463.22800815 2.146378573606e-04
7465.87318594 1.610540547966e-04
7468.51930124 1.254789944390e-04
7471.16635441 1.553907398599e-04
7473.81434576 2.186019299231e-04
7476.46327564 1.653574800477e-04
7479.11314437 7.966942579109e-05
7481.76395229 5.572803490465e-05
