# name: park22_optical
# columns: wave_rest_angstrom area_normalized_flux
# normalization: integral of positive flux over native coverage = 1
# coverage_angstrom: 4000.000000 5600.000000
# pre_normalization_positive_area: 2.960591800000e+02
# reference: Park et al. 2022, ApJS, 258, 38
# source: Park22/tab1.txt
# notes: Empirical Mrk 493 optical FeII template for Hbeta region; third uncertainty column omitted.
4000.00000000 1.005542202745e-04
4002.00000000 1.780387286082e-04
4004.00000000 2.397155865932e-04
4006.00000000 2.441066005790e-04
4008.00000000 1.940828181717e-04
4010.00000000 1.331152778306e-04
4012.00000000 9.572410489011e-05
4014.00000000 8.373325900585e-05
4016.00000000 8.062577218514e-05
4018.00000000 7.147219687631e-05
4020.00000000 5.390814093317e-05
4022.00000000 3.624275389806e-05
4024.00000000 2.671763125197e-05
4026.00000000 2.992644916466e-05
4028.00000000 5.299616110536e-05
4030.00000000 1.032901597579e-04
4032.00000000 1.696620250046e-04
4034.00000000 2.149232460888e-04
4036.00000000 2.072220830984e-04
4038.00000000 1.562863208633e-04
4040.00000000 9.910180795610e-05
4042.00000000 5.907602662414e-05
4044.00000000 3.691829451125e-05
4046.00000000 2.952112479674e-05
4048.00000000 4.188351801826e-05
4050.00000000 8.356437385255e-05
4052.00000000 1.528748407666e-04
4054.00000000 2.206991183317e-04
4056.00000000 2.478896280129e-04
4058.00000000 2.317442073575e-04
4060.00000000 2.158014488860e-04
4062.00000000 2.363041064965e-04
4064.00000000 2.746410362955e-04
4066.00000000 2.814977735195e-04
4068.00000000 2.380942891215e-04
4070.00000000 1.730059510399e-04
4072.00000000 1.207866616397e-04
4074.00000000 9.031977998453e-05
4076.00000000 7.501878509560e-05
4078.00000000 7.062777110982e-05
4080.00000000 7.701162990453e-05
4082.00000000 9.376503711184e-05
4084.00000000 1.188275938615e-04
4086.00000000 1.485176038115e-04
4088.00000000 1.774307420564e-04
4090.00000000 1.993182579240e-04
4092.00000000 2.088096035394e-04
4094.00000000 2.032026164499e-04
4096.00000000 1.837132697591e-04
4098.00000000 1.549352396369e-04
4100.00000000 1.233537159699e-04
4102.00000000 9.575788192077e-05
4104.00000000 7.822760300829e-05
4106.00000000 7.812627191631e-05
4108.00000000 1.109575457177e-04
4110.00000000 2.038106030017e-04
4112.00000000 3.703313641550e-04
4114.00000000 5.633670943762e-04
4116.00000000 6.851670669357e-04
4118.00000000 6.908416080866e-04
4120.00000000 6.486878738231e-04
4122.00000000 6.503429483254e-04
4124.00000000 7.132695564448e-04
4126.00000000 8.078452422924e-04
4128.00000000 8.961384004374e-04
4130.00000000 9.104936384678e-04
4132.00000000 7.908216188399e-04
4134.00000000 5.722842304704e-04
4136.00000000 3.586445115466e-04
4138.00000000 2.141801514143e-04
4140.00000000 1.387222649201e-04
4142.00000000 1.194355804133e-04
4144.00000000 1.505780026818e-04
4146.00000000 2.086069413554e-04
4148.00000000 2.458967832040e-04
4150.00000000 2.290082678740e-04
4152.00000000 1.710468832617e-04
4154.00000000 1.104171132272e-04
4156.00000000 7.049266298718e-05
4158.00000000 5.397569499449e-05
4160.00000000 6.154174986231e-05
4162.00000000 9.923691607874e-05
4164.00000000 1.720601941814e-04
4166.00000000 2.798426990171e-04
4168.00000000 4.255568092839e-04
4170.00000000 6.276447837220e-04
4172.00000000 9.066768340033e-04
4174.00000000 1.239887241463e-03
4176.00000000 1.539286841232e-03
4178.00000000 1.695066506636e-03
4180.00000000 1.650109278827e-03
4182.00000000 1.439914817031e-03
4184.00000000 1.154904232323e-03
4186.00000000 8.680696879590e-04
4188.00000000 6.177481137386e-04
4190.00000000 4.274145459702e-04
4192.00000000 2.984876199414e-04
4194.00000000 2.082353940182e-04
4196.00000000 1.399044609932e-04
4198.00000000 9.856137546554e-05
4200.00000000 9.501478724625e-05
4202.00000000 1.274069596491e-04
4204.00000000 1.733774983772e-04
4206.00000000 1.975956293603e-04
4208.00000000 1.795924720186e-04
4210.00000000 1.322370750334e-04
4212.00000000 8.413858337377e-05
4214.00000000 5.096953926576e-05
4216.00000000 3.235839537217e-05
4218.00000000 2.607586766943e-05
4220.00000000 3.695207154191e-05
4222.00000000 7.788983270169e-05
4224.00000000 1.663180989693e-04
4226.00000000 3.195307100425e-04
4228.00000000 5.577263302560e-04
4230.00000000 8.973205965105e-04
4232.00000000 1.293254949906e-03
4234.00000000 1.591404799540e-03
4236.00000000 1.632173675547e-03
4238.00000000 1.431335451243e-03
4240.00000000 1.177399734742e-03
4242.00000000 1.033509584131e-03
4244.00000000 1.000441871115e-03
4246.00000000 9.694007799387e-04
4248.00000000 8.637124510039e-04
4250.00000000 7.109389413292e-04
4252.00000000 5.886323133098e-04
4254.00000000 5.395542877610e-04
4256.00000000 5.564428030909e-04
4258.00000000 6.069056868968e-04
4260.00000000 6.461208194929e-04
4262.00000000 6.379805551039e-04
4264.00000000 5.880581037886e-04
4266.00000000 5.390476323011e-04
4268.00000000 5.269216782942e-04
4270.00000000 5.547201745273e-04
4272.00000000 6.044399636586e-04
4274.00000000 6.559161583843e-04
4276.00000000 6.943544192752e-04
4278.00000000 7.132357794141e-04
4280.00000000 7.184374421357e-04
4282.00000000 7.284354432110e-04
4284.00000000 7.664008256728e-04
4286.00000000 8.444933205584e-04
4288.00000000 9.547077716016e-04
4290.00000000 1.082520055619e-03
4292.00000000 1.228842152437e-03
4294.00000000 1.400497022251e-03
4296.00000000 1.573401642199e-03
4298.00000000 1.696586473015e-03
4300.00000000 1.749819073335e-03
4302.00000000 1.758803763491e-03
4304.00000000 1.734551855477e-03
4306.00000000 1.652642556127e-03
4308.00000000 1.516622453659e-03
4310.00000000 1.381885878357e-03
4312.00000000 1.290350125269e-03
4314.00000000 1.224957793911e-03
4316.00000000 1.142541839101e-03
4318.00000000 1.024592448037e-03
4320.00000000 8.884710144776e-04
4322.00000000 7.696096435854e-04
4324.00000000 6.988129873223e-04
4326.00000000 6.751015117991e-04
4328.00000000 6.528424485942e-04
4330.00000000 5.799178393995e-04
4332.00000000 4.544699475287e-04
4334.00000000 3.229759671698e-04
4336.00000000 2.264412135439e-04
4338.00000000 1.754716742781e-04
4340.00000000 1.727357347946e-04
4342.00000000 2.347503630862e-04
4344.00000000 3.809373517822e-04
4346.00000000 6.086283154604e-04
4348.00000000 8.926593662794e-04
4350.00000000 1.204353805209e-03
4352.00000000 1.498889512563e-03
4354.00000000 1.693715425409e-03
4356.00000000 1.722459678501e-03
4358.00000000 1.606976010675e-03
4360.00000000 1.420087700033e-03
4362.00000000 1.206076433772e-03
4364.00000000 9.921327215728e-04
4366.00000000 8.312865015704e-04
4368.00000000 7.791009892009e-04
4370.00000000 8.393929889288e-04
4372.00000000 9.447773245876e-04
4374.00000000 9.962197422826e-04
4376.00000000 9.497425480946e-04
4378.00000000 8.701300868293e-04
4380.00000000 8.767841618693e-04
4382.00000000 1.029253678268e-03
4384.00000000 1.262720514189e-03
4386.00000000 1.430896349845e-03
4388.00000000 1.430491025477e-03
4390.00000000 1.295889558297e-03
4392.00000000 1.154600239047e-03
4394.00000000 1.093126043246e-03
4396.00000000 1.095085111024e-03
4398.00000000 1.098699253305e-03
4400.00000000 1.069549675845e-03
4402.00000000 1.009899439700e-03
4404.00000000 9.319420529368e-04
4406.00000000 8.490194426668e-04
4408.00000000 7.894367605828e-04
4410.00000000 8.027111336321e-04
4412.00000000 9.315705055996e-04
4414.00000000 1.155242002629e-03
4416.00000000 1.363848943985e-03
4418.00000000 1.426032457430e-03
4420.00000000 1.301699207571e-03
4422.00000000 1.064280459062e-03
4424.00000000 8.128780198608e-04
4426.00000000 6.019404633898e-04
4428.00000000 4.529162041184e-04
4430.00000000 3.751277025087e-04
4432.00000000 3.528010852425e-04
4434.00000000 3.447283749148e-04
4436.00000000 3.238203929363e-04
4438.00000000 3.081816277408e-04
4440.00000000 3.398982595304e-04
4442.00000000 4.339672899182e-04
4444.00000000 5.573547829187e-04
4446.00000000 6.620973549950e-04
4448.00000000 7.290434297629e-04
4450.00000000 7.639351024346e-04
4452.00000000 7.640026564959e-04
4454.00000000 7.216462600484e-04
4456.00000000 6.578414491319e-04
4458.00000000 6.197409585475e-04
4460.00000000 6.414595892618e-04
4462.00000000 7.246186387465e-04
4464.00000000 8.502354157706e-04
4466.00000000 9.926393770327e-04
4468.00000000 1.124471127698e-03
4470.00000000 1.220195232588e-03
4472.00000000 1.261369432963e-03
4474.00000000 1.239009038666e-03
4476.00000000 1.155039340445e-03
4478.00000000 1.027497272674e-03
4480.00000000 8.948886503030e-04
4482.00000000 8.129793509527e-04
4484.00000000 8.401698606339e-04
4486.00000000 1.006859506940e-03
4488.00000000 1.274914022257e-03
4490.00000000 1.531889671518e-03
4492.00000000 1.656898461990e-03
4494.00000000 1.608191983778e-03
4496.00000000 1.444001837741e-03
4498.00000000 1.266300879439e-03
4500.00000000 1.154532684985e-03
4502.00000000 1.142609393163e-03
4504.00000000 1.231138990522e-03
4506.00000000 1.395058920315e-03
4508.00000000 1.580900143005e-03
4510.00000000 1.734720740630e-03
4512.00000000 1.853548334492e-03
4514.00000000 1.981765942877e-03
4516.00000000 2.144030798167e-03
4518.00000000 2.316090992348e-03
4520.00000000 2.454239047747e-03
4522.00000000 2.502472647529e-03
4524.00000000 2.395196798154e-03
4526.00000000 2.124980552875e-03
4528.00000000 1.794945186297e-03
4530.00000000 1.547224443437e-03
4532.00000000 1.443427628219e-03
4534.00000000 1.435388694922e-03
4536.00000000 1.439779708908e-03
4538.00000000 1.426640443982e-03
4540.00000000 1.425762241184e-03
4542.00000000 1.460924130101e-03
4544.00000000 1.528005312992e-03
4546.00000000 1.643387649726e-03
4548.00000000 1.839361981615e-03
4550.00000000 2.088974238191e-03
4552.00000000 2.306700977825e-03
4554.00000000 2.436235890405e-03
4556.00000000 2.471228894169e-03
4558.00000000 2.400770008213e-03
4560.00000000 2.217124292515e-03
4562.00000000 1.970045313238e-03
4564.00000000 1.745360505288e-03
4566.00000000 1.590796812989e-03
4568.00000000 1.498619296318e-03
4570.00000000 1.445285364906e-03
4572.00000000 1.419445936451e-03
4574.00000000 1.422891193578e-03
4576.00000000 1.470516806809e-03
4578.00000000 1.595221604005e-03
4580.00000000 1.829431534601e-03
4582.00000000 2.149232460888e-03
4584.00000000 2.434851032148e-03
4586.00000000 2.531622224989e-03
4588.00000000 2.380334904663e-03
4590.00000000 2.065634310005e-03
4592.00000000 1.721108597274e-03
4594.00000000 1.419614821604e-03
4596.00000000 1.165206226674e-03
4598.00000000 9.459595206607e-04
4600.00000000 7.616720413804e-04
4602.00000000 6.169374650028e-04
4604.00000000 5.122286699571e-04
4606.00000000 4.454514803425e-04
4608.00000000 4.177205381708e-04
4610.00000000 4.383920809346e-04
4612.00000000 5.246248402093e-04
4614.00000000 6.875990131433e-04
4616.00000000 9.085007936589e-04
4618.00000000 1.128895918715e-03
4620.00000000 1.282209860880e-03
4622.00000000 1.354458929461e-03
4624.00000000 1.419445936451e-03
4626.00000000 1.587959542413e-03
4628.00000000 1.887055148906e-03
4630.00000000 2.194291019789e-03
4632.00000000 2.331020439900e-03
4634.00000000 2.220772211826e-03
4636.00000000 1.927080930238e-03
4638.00000000 1.562626769418e-03
4640.00000000 1.212865616935e-03
4642.00000000 9.291047823614e-04
4644.00000000 7.365419305694e-04
4646.00000000 6.345015209459e-04
4648.00000000 6.053181664558e-04
4650.00000000 6.291647501017e-04
4652.00000000 6.896256349828e-04
4654.00000000 7.726157993142e-04
4656.00000000 8.650297551996e-04
4658.00000000 9.549104337856e-04
4660.00000000 1.032766489457e-03
4662.00000000 1.094916225871e-03
4664.00000000 1.147439508547e-03
4666.00000000 1.201989413063e-03
4668.00000000 1.256032662118e-03
4670.00000000 1.274846468196e-03
4672.00000000 1.208001724520e-03
4674.00000000 1.038913909037e-03
4676.00000000 8.104460736532e-04
4678.00000000 5.909291513947e-04
4680.00000000 4.221453291872e-04
4682.00000000 3.063914451158e-04
4684.00000000 2.292109300580e-04
4686.00000000 1.789844854667e-04
4688.00000000 1.497335769153e-04
4690.00000000 1.385871567975e-04
4692.00000000 1.454101169908e-04
4694.00000000 1.729721740093e-04
4696.00000000 2.231310645392e-04
4698.00000000 2.922050922387e-04
4700.00000000 3.683722963767e-04
4702.00000000 4.324473235385e-04
4704.00000000 4.648732729720e-04
4706.00000000 4.587596304225e-04
4708.00000000 4.271781067555e-04
4710.00000000 3.933672990650e-04
4712.00000000 3.717499994427e-04
4714.00000000 3.610426807235e-04
4716.00000000 3.524970919665e-04
4718.00000000 3.395267121932e-04
4720.00000000 3.209155682996e-04
4722.00000000 3.007506809956e-04
4724.00000000 2.897393690005e-04
4726.00000000 3.046350395215e-04
4728.00000000 3.575298695349e-04
4730.00000000 4.362641280031e-04
4732.00000000 4.983125333253e-04
4734.00000000 4.978734319267e-04
4736.00000000 4.262323498971e-04
4738.00000000 3.181120747548e-04
4740.00000000 2.170174219898e-04
4742.00000000 1.428768396913e-04
4744.00000000 9.241395588544e-05
4746.00000000 5.728584399916e-05
4748.00000000 3.310149004669e-05
4750.00000000 1.793560328040e-05
4752.00000000 9.457568584767e-06
4754.00000000 5.100331629642e-06
4756.00000000 2.837270575430e-06
4758.00000000 1.587520441015e-06
4760.00000000 8.782027971570e-07
4762.00000000 5.404324905581e-07
4764.00000000 4.053243679186e-07
4766.00000000 5.066554598983e-07
4768.00000000 8.782027971570e-07
4770.00000000 1.722628563654e-06
4772.00000000 2.972378698070e-06
4774.00000000 4.323459924465e-06
4776.00000000 5.167885690962e-06
4778.00000000 5.100331629642e-06
4780.00000000 4.154574771166e-06
4782.00000000 2.972378698070e-06
4784.00000000 1.992844808933e-06
4786.00000000 1.418635287715e-06
4788.00000000 1.317304195735e-06
4790.00000000 1.857736686294e-06
4792.00000000 3.546588219288e-06
4794.00000000 7.734940021113e-06
4796.00000000 1.685473829928e-05
4798.00000000 3.391213878252e-05
4800.00000000 5.921113474678e-05
4802.00000000 8.690829988788e-05
4804.00000000 1.074447345291e-04
4806.00000000 1.170374112365e-04
4808.00000000 1.255154459321e-04
4810.00000000 1.512873203256e-04
4812.00000000 2.038443800324e-04
4814.00000000 2.717024346281e-04
4816.00000000 3.331090763678e-04
4818.00000000 3.837746223576e-04
4820.00000000 4.460594668944e-04
4822.00000000 5.373925577987e-04
4824.00000000 6.303807232054e-04
4826.00000000 6.631444429455e-04
4828.00000000 5.985627603238e-04
4830.00000000 4.624075497338e-04
4832.00000000 3.156125744860e-04
4834.00000000 2.009057783650e-04
4836.00000000 1.241981417364e-04
4838.00000000 7.370148089987e-05
4840.00000000 3.999200430130e-05
4842.00000000 1.911779935349e-05
4844.00000000 8.207818450352e-06
4846.00000000 3.850581495227e-06
4848.00000000 2.938601667410e-06
4850.00000000 3.614142280608e-06
4852.00000000 5.066554598983e-06
4854.00000000 6.991845346596e-06
4856.00000000 9.322460462128e-06
4858.00000000 1.209217697624e-05
4860.00000000 1.553743410355e-05
4862.00000000 2.033377245725e-05
4864.00000000 2.789982732506e-05
4866.00000000 4.161330177298e-05
4868.00000000 6.890514254616e-05
4870.00000000 1.231848308166e-04
4872.00000000 2.183685032161e-04
4874.00000000 3.519228824453e-04
4876.00000000 4.897331675377e-04
4878.00000000 5.778912175599e-04
4880.00000000 5.843088533853e-04
4882.00000000 5.303669354215e-04
4884.00000000 4.753441524765e-04
4886.00000000 4.669674488729e-04
4888.00000000 5.063852436530e-04
4890.00000000 5.556321543551e-04
4892.00000000 5.764388052416e-04
4894.00000000 5.647857296639e-04
4896.00000000 5.471203426288e-04
4898.00000000 5.442155179920e-04
4900.00000000 5.483700927632e-04
4902.00000000 5.411418082020e-04
4904.00000000 5.219902318178e-04
4906.00000000 5.091887371977e-04
4908.00000000 5.170925623722e-04
4910.00000000 5.418173488152e-04
4912.00000000 5.685012030365e-04
4914.00000000 5.937664219701e-04
4916.00000000 6.490256441297e-04
4918.00000000 8.004818496086e-04
4920.00000000 1.103225375413e-03
4922.00000000 1.524357393681e-03
4924.00000000 1.910327523031e-03
4926.00000000 2.067762262937e-03
4928.00000000 1.911712381288e-03
4930.00000000 1.531011468721e-03
4932.00000000 1.099881449378e-03
4934.00000000 7.430608974868e-04
4936.00000000 4.897331675377e-04
4938.00000000 3.196658181651e-04
4940.00000000 2.142814825063e-04
4942.00000000 1.675002950424e-04
4944.00000000 1.718575319975e-04
4946.00000000 2.067154276385e-04
4948.00000000 2.399858028385e-04
4950.00000000 2.438701613644e-04
4952.00000000 2.118833133294e-04
4954.00000000 1.597315779906e-04
4956.00000000 1.088633698168e-04
4958.00000000 7.066154814048e-05
4960.00000000 4.526122108424e-05
4962.00000000 2.901446933684e-05
4964.00000000 2.033377245725e-05
4966.00000000 1.999600215065e-05
4968.00000000 2.955490182740e-05
4970.00000000 4.884158633419e-05
4972.00000000 7.312727137865e-05
4974.00000000 9.305571946798e-05
4976.00000000 1.001488959066e-04
4978.00000000 9.369748305052e-05
4980.00000000 8.217951559550e-05
4982.00000000 7.792360973235e-05
4984.00000000 9.335971274392e-05
4986.00000000 1.432483870286e-04
4988.00000000 2.449848033761e-04
4990.00000000 4.043448340295e-04
4992.00000000 5.922126785597e-04
4994.00000000 7.426555731189e-04
4996.00000000 7.925104703728e-04
4998.00000000 7.333668896874e-04
5000.00000000 6.188289787197e-04
5002.00000000 5.178694340773e-04
5004.00000000 4.660216920144e-04
5006.00000000 4.599418264956e-04
5008.00000000 4.877403227287e-04
5010.00000000 5.595502899116e-04
5012.00000000 7.136748808127e-04
5014.00000000 9.902074308251e-04
5016.00000000 1.377933965770e-03
5018.00000000 1.775084292269e-03
5020.00000000 2.023615683864e-03
5022.00000000 2.015846966813e-03
5024.00000000 1.777786454722e-03
5026.00000000 1.437921972222e-03
5028.00000000 1.119472127161e-03
5030.00000000 8.713798369637e-04
5032.00000000 6.841537560159e-04
5034.00000000 5.387436390251e-04
5036.00000000 4.304544787296e-04
5038.00000000 3.633057417777e-04
5040.00000000 3.371623200470e-04
5042.00000000 3.390538337639e-04
5044.00000000 3.443568275775e-04
5046.00000000 3.289882786273e-04
5048.00000000 2.851456928307e-04
5050.00000000 2.250225782561e-04
5052.00000000 1.685136059622e-04
5054.00000000 1.285553786915e-04
5056.00000000 1.070056331305e-04
5058.00000000 9.906803092544e-05
5060.00000000 9.778450376036e-05
5062.00000000 9.751428751508e-05
5064.00000000 9.802094297498e-05
5066.00000000 1.064652006400e-04
5068.00000000 1.321019669108e-04
5070.00000000 1.749650188182e-04
5072.00000000 2.192804830440e-04
5074.00000000 2.414382151568e-04
5076.00000000 2.275896325863e-04
5078.00000000 1.845914725563e-04
5080.00000000 1.325748453400e-04
5082.00000000 8.849582032890e-05
5084.00000000 5.775872242840e-05
5086.00000000 3.789782840039e-05
5088.00000000 2.573809736283e-05
5090.00000000 2.026621839593e-05
5092.00000000 2.215773211288e-05
5094.00000000 3.323659816933e-05
5096.00000000 5.623875604871e-05
5098.00000000 9.275172619204e-05
5100.00000000 1.393640285027e-04
5102.00000000 1.861114389360e-04
5104.00000000 2.208342264543e-04
5106.00000000 2.367094308645e-04
5108.00000000 2.352907955767e-04
5110.00000000 2.232323956312e-04
5112.00000000 2.078976237116e-04
5114.00000000 1.961432170419e-04
5116.00000000 1.941165952024e-04
5118.00000000 2.060398870253e-04
5120.00000000 2.322846398480e-04
5122.00000000 2.698446979418e-04
5124.00000000 3.134846215544e-04
5126.00000000 3.572934303202e-04
5128.00000000 3.953601438739e-04
5130.00000000 4.230573090150e-04
5132.00000000 4.381556417200e-04
5134.00000000 4.413982366634e-04
5136.00000000 4.364330131564e-04
5138.00000000 4.287656271966e-04
5140.00000000 4.240706199348e-04
5142.00000000 4.269754445716e-04
5144.00000000 4.397769391917e-04
5146.00000000 4.628804281630e-04
5148.00000000 4.958130330564e-04
5150.00000000 5.396893958836e-04
5152.00000000 5.981912129865e-04
5154.00000000 6.750677347684e-04
5156.00000000 7.683261164204e-04
5158.00000000 8.689816677868e-04
5160.00000000 9.725420437900e-04
5162.00000000 1.095861982729e-03
5164.00000000 1.274170927583e-03
5166.00000000 1.522364548872e-03
5168.00000000 1.789507084361e-03
5170.00000000 1.964877427547e-03
5172.00000000 1.953359460092e-03
5174.00000000 1.755628722609e-03
5176.00000000 1.469537272920e-03
5178.00000000 1.212865616935e-03
5180.00000000 1.048911910112e-03
5182.00000000 9.754130913961e-04
5184.00000000 9.605174208751e-04
5186.00000000 9.770006118371e-04
5188.00000000 1.011723399355e-03
5190.00000000 1.059078796341e-03
5192.00000000 1.111770964170e-03
5194.00000000 1.156998408224e-03
5196.00000000 1.177568619896e-03
5198.00000000 1.157437509622e-03
5200.00000000 1.088903914413e-03
5202.00000000 9.778788146343e-04
5204.00000000 8.426355838721e-04
5206.00000000 7.054332853317e-04
5208.00000000 5.837684208948e-04
5210.00000000 4.871323361768e-04
5212.00000000 4.192405045505e-04
5214.00000000 3.811737909968e-04
5216.00000000 3.724930941172e-04
5218.00000000 3.901584811523e-04
5220.00000000 4.280563095527e-04
5222.00000000 4.796000583397e-04
5224.00000000 5.426955516124e-04
5226.00000000 6.245710739319e-04
5228.00000000 7.405613972179e-04
5230.00000000 9.024547051708e-04
5232.00000000 1.098023712691e-03
5234.00000000 1.278190394231e-03
5236.00000000 1.374015830213e-03
5238.00000000 1.341826319995e-03
5240.00000000 1.197936169383e-03
5242.00000000 1.007095946155e-03
5244.00000000 8.360828399241e-04
5246.00000000 7.184036651051e-04
5248.00000000 6.553081718324e-04
5250.00000000 6.356499399883e-04
5252.00000000 6.497687388042e-04
5254.00000000 6.912469324545e-04
5256.00000000 7.543086486965e-04
5258.00000000 8.310838393864e-04
5260.00000000 9.094803275480e-04
5262.00000000 9.738593479858e-04
5264.00000000 1.013277142766e-03
5266.00000000 1.035637537063e-03
5268.00000000 1.074177129046e-03
5270.00000000 1.170509220488e-03
5272.00000000 1.338077069591e-03
5274.00000000 1.534558056940e-03
5276.00000000 1.677232234447e-03
5278.00000000 1.699491297652e-03
5280.00000000 1.599578840960e-03
5282.00000000 1.432348762163e-03
5284.00000000 1.255458452597e-03
5286.00000000 1.089376792843e-03
5288.00000000 9.276523700430e-04
5290.00000000 7.706905085666e-04
5292.00000000 6.371699063680e-04
5294.00000000 5.468501263835e-04
5296.00000000 5.028048784030e-04
5298.00000000 4.930770935730e-04
5300.00000000 5.048990543039e-04
5302.00000000 5.349606115912e-04
5304.00000000 5.882607659725e-04
5306.00000000 6.725682344996e-04
5308.00000000 7.962259437454e-04
5310.00000000 9.694345569693e-04
5312.00000000 1.196686419249e-03
5314.00000000 1.456499339085e-03
5316.00000000 1.685676492112e-03
5318.00000000 1.799099761068e-03
5320.00000000 1.743739207816e-03
5322.00000000 1.541313463072e-03
5324.00000000 1.275623339901e-03
5326.00000000 1.036144192523e-03
5328.00000000 8.719540464849e-04
5330.00000000 7.857212872102e-04
5332.00000000 7.520793646730e-04
5334.00000000 7.359001669869e-04
5336.00000000 7.061426029755e-04
5338.00000000 6.481812183632e-04
5340.00000000 5.684336489752e-04
5342.00000000 4.854434846438e-04
5344.00000000 4.157952474232e-04
5346.00000000 3.668185529663e-04
5348.00000000 3.391551648559e-04
5350.00000000 3.320957654480e-04
5352.00000000 3.464510034784e-04
5354.00000000 3.850919265533e-04
5356.00000000 4.530850892717e-04
5358.00000000 5.532002081476e-04
5360.00000000 6.759121605349e-04
5362.00000000 7.906865107172e-04
5364.00000000 8.540859972658e-04
5366.00000000 8.352046371269e-04
5368.00000000 7.395480862982e-04
5370.00000000 6.070070179888e-04
5372.00000000 4.855448157358e-04
5374.00000000 4.047839354280e-04
5376.00000000 3.675278706102e-04
5378.00000000 3.572596532896e-04
5380.00000000 3.510784566788e-04
5382.00000000 3.315891099881e-04
5384.00000000 2.950423628141e-04
5386.00000000 2.502202431284e-04
5388.00000000 2.097215833672e-04
5390.00000000 1.813826546436e-04
5392.00000000 1.663180989693e-04
5394.00000000 1.630417269953e-04
5396.00000000 1.705740048324e-04
5398.00000000 1.890838176340e-04
5400.00000000 2.179969558789e-04
5402.00000000 2.553205747581e-04
5404.00000000 2.975080860523e-04
5406.00000000 3.400671446837e-04
5408.00000000 3.784716285440e-04
5410.00000000 4.090736183219e-04
5412.00000000 4.300829313923e-04
5414.00000000 4.423777705525e-04
5416.00000000 4.503153727576e-04
5418.00000000 4.613266847527e-04
5420.00000000 4.833493087429e-04
5422.00000000 5.191529612424e-04
5424.00000000 5.611040333220e-04
5426.00000000 5.920100163758e-04
5428.00000000 5.946784017979e-04
5430.00000000 5.632319862536e-04
5432.00000000 5.062501355303e-04
5434.00000000 4.386622971799e-04
5436.00000000 3.717162224120e-04
5438.00000000 3.096340400592e-04
5440.00000000 2.527197433972e-04
5442.00000000 2.013448797636e-04
5444.00000000 1.568943074152e-04
5446.00000000 1.206853305478e-04
5448.00000000 9.275172619204e-05
5450.00000000 7.211396045885e-05
5452.00000000 5.721828993784e-05
5454.00000000 4.640964012668e-05
5456.00000000 3.840448386029e-05
5458.00000000 3.222328724953e-05
5460.00000000 2.725806374253e-05
5462.00000000 2.327237412466e-05
5464.00000000 2.026621839593e-05
5466.00000000 1.830715061766e-05
5468.00000000 1.766538703512e-05
5470.00000000 1.867869795492e-05
5472.00000000 2.151596853035e-05
5474.00000000 2.604209063877e-05
5476.00000000 3.134508445237e-05
5478.00000000 3.604009171410e-05
5480.00000000 3.894491635085e-05
5482.00000000 4.005955836262e-05
5484.00000000 4.056621382252e-05
5486.00000000 4.211995723287e-05
5488.00000000 4.613942388140e-05
5490.00000000 5.302993813602e-05
5492.00000000 6.272394593540e-05
5494.00000000 7.454590666636e-05
5496.00000000 8.765139456240e-05
5498.00000000 1.008582135504e-04
5500.00000000 1.127477283427e-04
5502.00000000 1.221039658355e-04
5504.00000000 1.279473921396e-04
5506.00000000 1.299740139792e-04
5508.00000000 1.286229327528e-04
5510.00000000 1.249412364109e-04
5512.00000000 1.207191075784e-04
5514.00000000 1.179156140337e-04
5516.00000000 1.186249316775e-04
5518.00000000 1.245021350123e-04
5520.00000000 1.366280890192e-04
5522.00000000 1.554418950968e-04
5524.00000000 1.812475465209e-04
5526.00000000 2.149908001502e-04
5528.00000000 2.586982778240e-04
5530.00000000 3.137886148303e-04
5532.00000000 3.771205473176e-04
5534.00000000 4.381556417200e-04
5536.00000000 4.807822544128e-04
5538.00000000 4.912193568867e-04
5540.00000000 4.654474824932e-04
5542.00000000 4.105260306402e-04
5544.00000000 3.396280432851e-04
5546.00000000 2.659265623853e-04
5548.00000000 1.990818187094e-04
5550.00000000 1.442954749790e-04
5552.00000000 1.029186124207e-04
5554.00000000 7.339748762393e-05
5556.00000000 5.292860704404e-05
5558.00000000 3.897869338151e-05
5560.00000000 2.952112479674e-05
5562.00000000 2.330615115532e-05
5564.00000000 1.952312372141e-05
5566.00000000 1.800315734172e-05
5568.00000000 1.894891420019e-05
5570.00000000 2.236039429684e-05
5572.00000000 2.732561780385e-05
5574.00000000 3.185173991227e-05
5576.00000000 3.364192253724e-05
5578.00000000 3.148019257501e-05
5580.00000000 2.610964470009e-05
5582.00000000 1.955690075207e-05
5584.00000000 1.364592038659e-05
5586.00000000 9.153575308828e-06
5588.00000000 6.046088488119e-06
5590.00000000 3.816804464567e-06
5592.00000000 2.263061054212e-06
5594.00000000 1.215973103756e-06
5596.00000000 5.742095212180e-07
5598.00000000 2.364392146192e-07
5600.00000000 1.013310919797e-07
