8100.0 1.32029528e-05
8102.5 1.35586969e-05
8105.0 1.39315947e-05
8107.5 1.43228820e-05
8110.0 1.47339162e-05
8112.5 1.51661916e-05
8115.0 1.56213572e-05
8117.5 1.61012371e-05
8120.0 1.66078550e-05
8122.5 1.71434619e-05
8125.0 1.77105698e-05
8127.5 1.83119901e-05
8130.0 1.89508806e-05
8132.5 1.96308004e-05
8135.0 2.03557764e-05
8137.5 2.11303833e-05
8140.0 2.19598405e-05
8142.5 2.28501308e-05
8145.0 2.38081456e-05
8147.5 2.48418663e-05
8150.0 2.59605886e-05
8152.5 2.71752076e-05
8155.0 2.84985779e-05
8157.5 2.99459777e-05
8160.0 3.15357105e-05
8162.5 3.32898957e-05
8165.0 3.52355214e-05
8167.5 3.74058649e-05
8170.0 3.98424418e-05
8172.5 4.25977254e-05
8175.0 4.57390182e-05
8177.5 4.93540817e-05
8180.0 5.35595321e-05
8182.5 5.85137119e-05
8185.0 6.44370753e-05
8187.5 7.16456947e-05
8190.0 8.06087917e-05
8192.5 9.20527517e-05
8195.0 1.07161224e-04
8197.5 1.27990423e-04
8200.0 1.58416905e-04
8202.5 2.06581662e-04
8205.0 2.92311792e-04
8207.5 4.75491590e-04
8210.0 1.00903677e-03
8212.5 3.58292074e-03
8215.0 4.80288921e-03
8217.5 1.37270575e-03
8220.0 8.38492827e-04
8222.5 9.20512168e-04
8225.0 1.64295477e-03
8227.5 5.36964844e-03
8230.0 7.09862919e-03
8232.5 5.00708860e-03
8235.0 1.00888339e-02
8237.5 2.69635565e-03
8240.0 1.07158610e-03
8242.5 6.15819626e-04
8245.0 4.32450546e-04
8247.5 3.44960909e-04
8250.0 3.01274563e-04
8252.5 2.81948545e-04
8255.0 2.78860974e-04
8257.5 2.88804843e-04
8260.0 3.11311829e-04
8262.5 3.48044369e-04
8265.0 4.03058593e-04
8267.5 4.83965842e-04
8270.0 6.04645276e-04
8272.5 7.91420653e-04
8275.0 1.09825847e-03
8277.5 1.64931197e-03
8280.0 2.78218648e-03
8282.5 5.68074725e-03
8285.0 1.65786727e-02
8287.5 6.75906678e-02
8290.0 2.47363760e-02
8292.5 7.31785320e-03
8295.0 3.31883040e-03
8297.5 1.88507145e-03
8300.0 1.22207554e-03
8302.5 8.64607194e-04
8305.0 6.51517407e-04
8307.5 5.15470734e-04
8310.0 4.24431892e-04
8312.5 3.61664329e-04
8315.0 3.17811776e-04
8317.5 2.87403235e-04
8320.0 2.67182155e-04
8322.5 2.55267152e-04
8325.0 2.50731905e-04
8327.5 2.53427708e-04
8330.0 2.63984056e-04
8332.5 2.83995350e-04
8335.0 3.16483177e-04
8337.5 3.66872152e-04
8340.0 4.45068733e-04
8342.5 5.70195085e-04
8345.0 7.82551899e-04
8347.5 1.17856323e-03
8350.0 2.03600228e-03
8352.5 4.42181385e-03
8355.0 1.47526776e-02
8357.5 4.12976221e-02
8360.0 1.02416726e-02
8362.5 3.51192037e-03
8365.0 1.73231225e-03
8367.5 1.03885508e-03
8370.0 7.02034304e-04
8372.5 5.14579443e-04
8375.0 4.00419311e-04
8377.5 3.26497606e-04
8380.0 2.76645510e-04
8382.5 2.42249794e-04
8385.0 2.18438376e-04
8387.5 2.02357869e-04
8390.0 1.92339910e-04
8392.5 1.87485844e-04
8395.0 1.87473733e-04
8397.5 1.92509564e-04
8400.0 2.03409575e-04
8402.5 2.21860363e-04
8405.0 2.51002925e-04
8407.5 2.96721350e-04
8410.0 3.70679536e-04
8412.5 4.98327857e-04
8415.0 7.43687599e-04
8417.5 1.30599013e-03
8420.0 3.05336039e-03
8422.5 1.18786548e-02
8425.0 1.37736747e-02
8427.5 3.43679569e-03
8430.0 1.47887040e-03
8432.5 9.09569238e-04
8435.0 7.12919912e-04
8437.5 6.79911350e-04
8440.0 7.76091326e-04
8442.5 1.06699056e-03
8445.0 1.84216836e-03
8447.5 4.50327498e-03
8450.0 1.85702384e-02
8452.5 1.35233553e-02
8455.0 3.57040543e-03
8457.5 1.56316447e-03
8460.0 9.10793505e-04
8462.5 6.30612274e-04
8465.0 4.92609710e-04
8467.5 4.22966611e-04
8470.0 3.93825154e-04
8472.5 3.95261024e-04
8475.0 4.27597112e-04
8477.5 5.02025347e-04
8480.0 6.51002258e-04
8482.5 9.68631848e-04
8485.0 1.79887423e-03
8487.5 5.05825670e-03
8490.0 1.75809931e-02
8492.5 5.49919075e-03
8495.0 2.21802491e-03
8497.5 1.65844640e-03
8500.0 1.90278486e-03
8502.5 3.07877176e-03
8505.0 7.32829140e-03
8507.5 2.99058229e-02
8510.0 2.51435316e-02
8512.5 6.37015790e-03
8515.0 2.64159845e-03
8517.5 1.43693189e-03
8520.0 9.08598480e-04
8522.5 6.30987969e-04
8525.0 4.66918229e-04
8527.5 3.61640136e-04
8530.0 2.89865121e-04
8532.5 2.38604150e-04
8535.0 2.00625333e-04
8537.5 1.71638814e-04
8540.0 1.48966496e-04
8542.5 1.30864608e-04
8545.0 1.16156979e-04
8547.5 1.04026139e-04
8550.0 9.38890754e-05
8552.5 8.53205555e-05
8555.0 7.80042621e-05
8557.5 7.17007644e-05
8560.0 6.62259969e-05
8562.5 6.14364764e-05
8565.0 5.72189443e-05
8567.5 5.34829794e-05
8570.0 5.01556430e-05
8572.5 4.71775407e-05
8575.0 4.44998867e-05
8577.5 4.20822876e-05
8580.0 3.98910518e-05
8582.5 3.78978850e-05
8585.0 3.60788745e-05
8587.5 3.44136908e-05
8590.0 3.28849554e-05
8592.5 3.14777357e-05
8595.0 3.01791382e-05
8597.5 2.89779799e-05
8600.0 2.78645195e-05
8602.5 2.68302374e-05
8605.0 2.58676543e-05
8607.5 2.49701802e-05
8610.0 2.41319892e-05
8612.5 2.33479142e-05
8615.0 2.26133582e-05
8617.5 2.19242199e-05
8620.0 2.12768297e-05
8622.5 2.06678959e-05
8625.0 2.00944583e-05
8627.5 1.95538484e-05
8630.0 1.90436554e-05
8632.5 1.85616964e-05
8635.0 1.81059908e-05
8637.5 1.76747379e-05
8640.0 1.72662979e-05
8642.5 1.68791743e-05
8645.0 1.65119991e-05
8647.5 1.61635202e-05
8650.0 1.58325892e-05
8652.5 1.55181517e-05
8655.0 1.52192377e-05
8657.5 1.49349543e-05
8660.0 1.46644780e-05
8662.5 1.44070486e-05
8665.0 1.41619633e-05
8667.5 1.39285722e-05
8670.0 1.37062731e-05
8672.5 1.34945078e-05
8675.0 1.32927583e-05
8677.5 1.31005435e-05
8680.0 1.29174166e-05
8682.5 1.27429618e-05
8685.0 1.25767923e-05
8687.5 1.24185480e-05
8690.0 1.22678935e-05
8692.5 1.21245164e-05
8695.0 1.19881255e-05
8697.5 1.18584496e-05
8700.0 1.17352356e-05
8702.5 1.16182481e-05
8705.0 1.15072674e-05
8707.5 1.14020893e-05
8710.0 1.13025237e-05
8712.5 1.12083937e-05
8715.0 1.11195353e-05
8717.5 1.10357961e-05
8720.0 1.09570355e-05
8722.5 1.08831233e-05
8725.0 1.08139397e-05
8727.5 1.07493748e-05
8730.0 1.06893279e-05
8732.5 1.06337076e-05
8735.0 1.05824313e-05
8737.5 1.05354248e-05
8740.0 1.04926223e-05
8742.5 1.04539660e-05
8745.0 1.04194064e-05
8747.5 1.03889016e-05
8750.0 1.03624176e-05
8752.5 1.03399284e-05
8755.0 1.03214158e-05
8757.5 1.03068695e-05
8760.0 1.02962873e-05
8762.5 1.02896753e-05
8765.0 1.02870479e-05
8767.5 1.02884284e-05
8770.0 1.02938490e-05
8772.5 1.03033515e-05
8775.0 1.03169875e-05
8777.5 1.03348192e-05
8780.0 1.03569199e-05
8782.5 1.03833746e-05
8785.0 1.04142812e-05
8787.5 1.04497512e-05
8790.0 1.04899108e-05
8792.5 1.05349024e-05
8795.0 1.05848858e-05
8797.5 1.06400401e-05
8800.0 1.07005653e-05
8802.5 1.07666849e-05
8805.0 1.08386482e-05
8807.5 1.09167332e-05
8810.0 1.10012498e-05
8812.5 1.10925442e-05
8815.0 1.11910029e-05
8817.5 1.12970580e-05
8820.0 1.14111936e-05
8822.5 1.15339525e-05
8825.0 1.16659451e-05
8827.5 1.18078587e-05
8830.0 1.19604696e-05
8832.5 1.21246567e-05
8835.0 1.23014182e-05
8837.5 1.24918915e-05
8840.0 1.26973767e-05
8842.5 1.29193657e-05
8845.0 1.31595775e-05
8847.5 1.34200007e-05
8850.0 1.37029469e-05
8852.5 1.40111159e-05
8855.0 1.43476778e-05
8857.5 1.47163755e-05
8860.0 1.51216551e-05
8862.5 1.55688320e-05
8865.0 1.60643055e-05
8867.5 1.66158372e-05
8870.0 1.72329179e-05
8872.5 1.79272547e-05
8875.0 1.87134270e-05
8877.5 1.96097810e-05
8880.0 2.06396672e-05
8882.5 2.18331802e-05
8885.0 2.32296488e-05
8887.5 2.48812678e-05
8890.0 2.68585135e-05
8892.5 2.92584177e-05
8895.0 3.22175618e-05
8897.5 3.59331384e-05
8900.0 4.06983453e-05
8902.5 4.69644336e-05
8905.0 5.54550307e-05
8907.5 6.73897307e-05
8910.0 8.49544392e-05
8912.5 1.12385165e-04
8915.0 1.58776393e-04
8917.5 2.46597895e-04
8920.0 4.43944043e-04
8922.5 1.03482207e-03
8925.0 3.89296554e-03
8927.5 6.24969055e-03
8930.0 1.46943407e-03
8932.5 5.59065483e-04
8935.0 2.92289400e-04
8937.5 1.82244271e-04
8940.0 1.26959145e-04
8942.5 9.54932150e-05
8945.0 7.59960043e-05
8947.5 6.31589851e-05
8950.0 5.43214744e-05
8952.5 4.80324325e-05
8955.0 4.34467656e-05
8957.5 4.00457634e-05
8960.0 3.74971536e-05
8962.5 3.55804697e-05
8965.0 3.41451067e-05
8967.5 3.30856832e-05
8970.0 3.23270164e-05
8972.5 3.18146578e-05
8975.0 3.15087676e-05
8977.5 3.13800531e-05
8980.0 3.14070261e-05
8982.5 3.15741208e-05
8985.0 3.18703919e-05
8987.5 3.22886122e-05
8990.0 3.28246531e-05
8992.5 3.34770752e-05
8995.0 3.42468777e-05
8997.5 3.51373782e-05
9000.0 3.61542051e-05
9002.5 3.73053957e-05
9005.0 3.86016007e-05
9007.5 4.00564082e-05
9010.0 4.16868033e-05
9012.5 4.35137967e-05
9015.0 4.55632678e-05
9017.5 4.78670874e-05
9020.0 5.04646149e-05
9022.5 5.34047068e-05
9025.0 5.67484343e-05
9027.5 6.05728019e-05
9030.0 6.49759044e-05
9032.5 7.00841904e-05
9035.0 7.60628705e-05
9037.5 8.31311272e-05
9040.0 9.15848365e-05
9042.5 1.01831362e-04
9045.0 1.14444358e-04
9047.5 1.30252926e-04
9050.0 1.50492130e-04
9052.5 1.77068441e-04
9055.0 2.13052555e-04
9057.5 2.63652993e-04
9060.0 3.38292063e-04
9062.5 4.55480503e-04
9065.0 6.55801269e-04
9067.5 1.04300242e-03
9070.0 1.95115787e-03
9072.5 4.94338625e-03
9075.0 1.90165510e-02
9077.5 2.35344681e-02
9080.0 6.46363630e-03
9082.5 2.33470611e-03
9085.0 1.20568720e-03
9087.5 7.56424982e-04
9090.0 5.37549354e-04
9092.5 4.18405938e-04
9095.0 3.50421816e-04
9097.5 3.12741476e-04
9100.0 2.95977730e-04
9102.5 2.96630421e-04
9105.0 3.15414197e-04
9107.5 3.57899989e-04
9110.0 4.38280193e-04
9112.5 5.91105276e-04
9115.0 9.11314734e-04
9117.5 1.72959066e-03
9120.0 4.75823908e-03
9122.5 1.94685256e-02
9125.0 7.79968419e-03
9127.5 2.34293065e-03
9130.0 1.11769445e-03
9132.5 6.87815949e-04
9135.0 4.94939663e-04
9137.5 3.96411015e-04
9140.0 3.43487676e-04
9142.5 3.16266692e-04
9145.0 3.05796784e-04
9147.5 3.08098215e-04
9150.0 3.21971575e-04
9152.5 3.48337358e-04
9155.0 3.90524221e-04
9157.5 4.55741732e-04
9160.0 5.59164006e-04
9162.5 7.35865467e-04
9165.0 1.08343126e-03
9167.5 1.97421097e-03
9170.0 5.69451067e-03
9172.5 9.52440917e-03
9175.0 1.01138698e-02
9177.5 1.34744444e-02
9180.0 1.07169060e-02
9182.5 4.11979481e-03
9185.0 4.58135607e-03
9187.5 9.01305413e-03
9190.0 3.70803929e-03
9192.5 3.49879149e-03
9195.0 7.19413467e-03
9197.5 1.40343070e-02
9200.0 1.15212891e-02
9202.5 3.62581743e-02
9205.0 3.10205409e-02
9207.5 9.01198543e-03
9210.0 5.28419698e-03
9212.5 5.75951195e-03
9215.0 1.17975870e-02
9217.5 4.61681681e-02
9220.0 2.55716228e-02
9222.5 7.38455825e-03
9225.0 3.53323284e-03
9227.5 2.25880524e-03
9230.0 1.76009314e-03
9232.5 1.62746307e-03
9235.0 1.79897295e-03
9237.5 2.46976821e-03
9240.0 4.63386873e-03
9242.5 1.47800787e-02
9245.0 2.68923080e-02
9247.5 9.71152630e-03
9250.0 1.58413625e-02
9252.5 2.50302325e-02
9255.0 6.37410485e-03
9257.5 2.65967056e-03
9260.0 1.52237476e-03
9262.5 1.03424001e-03
9265.0 7.93492661e-04
9267.5 7.03417398e-04
9270.0 8.98588268e-04
9272.5 1.57173110e-03
9275.0 6.51587838e-04
9277.5 4.37285548e-04
9280.0 3.77578726e-04
9282.5 3.67478800e-04
9285.0 3.96002026e-04
9287.5 4.82948806e-04
9290.0 7.03396035e-04
9292.5 1.36212236e-03
9295.0 4.35366870e-03
9297.5 1.03306761e-02
9300.0 2.70871436e-03
9302.5 1.50983383e-03
9305.0 9.69472560e-04
9307.5 4.55313910e-04
9310.0 2.99022716e-04
9312.5 2.25620107e-04
9315.0 1.83110245e-04
9317.5 1.55546996e-04
9320.0 1.36352416e-04
9322.5 1.22314901e-04
9325.0 1.11686931e-04
9327.5 1.03442417e-04
9330.0 9.69440707e-05
9332.5 9.17791547e-05
9335.0 8.76722292e-05
9337.5 8.44361384e-05
9340.0 8.19432866e-05
9342.5 8.01083186e-05
9345.0 7.88775680e-05
9347.5 7.82227645e-05
9350.0 7.81376252e-05
9352.5 7.86366029e-05
9355.0 7.97554777e-05
9357.5 8.15537798e-05
9360.0 8.41193214e-05
9362.5 8.75754418e-05
9365.0 9.20920370e-05
9367.5 9.79021643e-05
9370.0 1.05327199e-04
9372.5 1.14815584e-04
9375.0 1.27003935e-04
9377.5 1.42816266e-04
9380.0 1.63630848e-04
9382.5 1.91572733e-04
9385.0 2.30052524e-04
9387.5 2.84819386e-04
9390.0 3.66174158e-04
9392.5 4.94062751e-04
9395.0 7.11253311e-04
9397.5 1.12321006e-03
9400.0 2.04859499e-03
9402.5 4.81010244e-03
9405.0 1.80975756e-02
9407.5 3.01135366e-02
9410.0 7.03247520e-03
9412.5 2.62905141e-03
9415.0 1.34438704e-03
9417.5 8.14979354e-04
9420.0 5.48549062e-04
9422.5 3.96239442e-04
9425.0 3.01162870e-04
9427.5 2.37872996e-04
9430.0 1.93627657e-04
9432.5 1.61480956e-04
9435.0 1.37387451e-04
9437.5 1.18862501e-04
9440.0 1.04312184e-04
9442.5 9.26761467e-05
9445.0 8.32269469e-05
9447.5 7.54521979e-05
9450.0 6.89826639e-05
9452.5 6.35469258e-05
9455.0 5.89419659e-05
9457.5 5.50135942e-05
9460.0 5.16431291e-05
9462.5 4.87381518e-05
9465.0 4.62259743e-05
9467.5 4.40489510e-05
9470.0 4.21610672e-05
9472.5 4.05254268e-05
9475.0 3.91123839e-05
9477.5 3.78981427e-05
9480.0 3.68637048e-05
9482.5 3.59940766e-05
9485.0 3.52776789e-05
9487.5 3.47059130e-05
9490.0 3.42728569e-05
9492.5 3.39750691e-05
9495.0 3.38114900e-05
9497.5 3.37834338e-05
9500.0 3.38946726e-05
9502.5 3.41516179e-05
9505.0 3.45636146e-05
9507.5 3.51433688e-05
9510.0 3.59075413e-05
9512.5 3.68775565e-05
9515.0 3.80806931e-05
9517.5 3.95515571e-05
9520.0 4.13340781e-05
9522.5 4.34842397e-05
9525.0 4.60738545e-05
9527.5 4.91958532e-05
9530.0 5.29718162e-05
9532.5 5.75628874e-05
9535.0 6.31859175e-05
9537.5 7.01378964e-05
9540.0 7.88339082e-05
9542.5 8.98678718e-05
9545.0 1.04113128e-04
9547.5 1.22895749e-04
9550.0 1.48307377e-04
9552.5 1.83802123e-04
9555.0 2.35414609e-04
9557.5 3.14461158e-04
9560.0 4.44198907e-04
9562.5 6.78699490e-04
9565.0 1.16770332e-03
9567.5 2.45212207e-03
9570.0 7.51331392e-03
9572.5 2.82024064e-02
9575.0 8.61984727e-03
9577.5 2.67437041e-03
9580.0 1.23982423e-03
9582.5 7.09343733e-04
9585.0 4.59152607e-04
9587.5 3.22125247e-04
9590.0 2.39148052e-04
9592.5 1.85151388e-04
9595.0 1.48060855e-04
9597.5 1.21486964e-04
9600.0 1.01794294e-04
9602.5 8.67917957e-05
9605.0 7.50955734e-05
9607.5 6.57968796e-05
9610.0 5.82790772e-05
9612.5 5.21118421e-05
9615.0 4.69874964e-05
9617.5 4.26813422e-05
9620.0 3.90261886e-05
9622.5 3.58955543e-05
9625.0 3.31923260e-05
9627.5 3.08409387e-05
9630.0 2.87818810e-05
9632.5 2.69677681e-05
9635.0 2.53604918e-05
9637.5 2.39291220e-05
9640.0 2.26483420e-05
9642.5 2.14972679e-05
9645.0 2.04585480e-05
9647.5 1.95176685e-05
9650.0 1.86624133e-05
9652.5 1.78824406e-05
9655.0 1.71689476e-05
9657.5 1.65144031e-05
9660.0 1.59123330e-05
9662.5 1.53571467e-05
9665.0 1.48439963e-05
9667.5 1.43686609e-05
9670.0 1.39274516e-05
9672.5 1.35171331e-05
9675.0 1.31348584e-05
9677.5 1.27781138e-05
9680.0 1.24446737e-05
9682.5 1.21325613e-05
9685.0 1.18400168e-05
9687.5 1.15654689e-05
9690.0 1.13075114e-05
9692.5 1.10648833e-05
9695.0 1.08364508e-05
9697.5 1.06211928e-05
9700.0 1.04181878e-05
9702.5 1.02266029e-05
9705.0 1.00456837e-05
9707.5 9.87474607e-06
9710.0 9.71316880e-06
9712.5 9.56038697e-06
9715.0 9.41588637e-06
9717.5 9.27919848e-06
9720.0 9.14989605e-06
9722.5 9.02758926e-06
9725.0 8.91192231e-06
9727.5 8.80257032e-06
9730.0 8.69923675e-06
9732.5 8.60165093e-06
9735.0 8.50956602e-06
9737.5 8.42275711e-06
9740.0 8.34101960e-06
9742.5 8.26416768e-06
9745.0 8.19203310e-06
9747.5 8.12446398e-06
9750.0 8.06132382e-06
9752.5 8.00249064e-06
9755.0 7.94785619e-06
9757.5 7.89732531e-06
9760.0 7.85081534e-06
9762.5 7.80825571e-06
9765.0 7.76958750e-06
9767.5 7.73476316e-06
9770.0 7.70374629e-06
9772.5 7.67651151e-06
9775.0 7.65304437e-06
9777.5 7.63334136e-06
9780.0 7.61741002e-06
9782.5 7.60526907e-06
9785.0 7.59694867e-06
9787.5 7.59249074e-06
9790.0 7.59194939e-06
9792.5 7.59539140e-06
9795.0 7.60289686e-06
9797.5 7.61455991e-06
9800.0 7.63048953e-06
9802.5 7.65081057e-06
9805.0 7.67566485e-06
9807.5 7.70521248e-06
9810.0 7.73963332e-06
9812.5 7.77912865e-06
9815.0 7.82392315e-06
9817.5 7.87426703e-06
9820.0 7.93043861e-06
9822.5 7.99274708e-06
9825.0 8.06153584e-06
9827.5 8.13718616e-06
9830.0 8.22012149e-06
9832.5 8.31081228e-06
9835.0 8.40978167e-06
9837.5 8.51761187e-06
9840.0 8.63495169e-06
9842.5 8.76252508e-06
9845.0 8.90114123e-06
9847.5 9.05170612e-06
9850.0 9.21523621e-06
9852.5 9.39287429e-06
9855.0 9.58590823e-06
9857.5 9.79579304e-06
9860.0 1.00241770e-05
9862.5 1.02729329e-05
9865.0 1.05441950e-05
9867.5 1.08404035e-05
9870.0 1.11643587e-05
9872.5 1.15192856e-05
9875.0 1.19089138e-05
9877.5 1.23375740e-05
9880.0 1.28103186e-05
9882.5 1.33330700e-05
9885.0 1.39128069e-05
9887.5 1.45577976e-05
9890.0 1.52778974e-05
9892.5 1.60849284e-05
9895.0 1.69931690e-05
9897.5 1.80199935e-05
9900.0 1.91867134e-05
9902.5 2.05196987e-05
9905.0 2.20518897e-05
9907.5 2.38248645e-05
9910.0 2.58917058e-05
9912.5 2.83210429e-05
9915.0 3.12028523e-05
9917.5 3.46569477e-05
9920.0 3.88456858e-05
9922.5 4.39934577e-05
9925.0 5.04174447e-05
9927.5 5.85777323e-05
9930.0 6.91620522e-05
9932.5 8.32354149e-05
9935.0 1.02518188e-04
9937.5 1.29935638e-04
9940.0 1.70788911e-04
9942.5 2.35497642e-04
9945.0 3.46860879e-04
9947.5 5.62736476e-04
9950.0 1.06569803e-03
9952.5 2.66854698e-03
9955.0 1.09230917e-02
9957.5 1.09231392e-02
9960.0 2.66868944e-03
9962.5 1.06593574e-03
9965.0 5.63069866e-04
9967.5 3.47290546e-04
9970.0 2.36024359e-04
9972.5 1.71413629e-04
9975.0 1.30659491e-04
9977.5 1.03342494e-04
9980.0 8.41616866e-05
9982.5 7.01920001e-05
9985.0 5.97132727e-05
9987.5 5.16607079e-05
9990.0 4.53467973e-05
9992.5 4.03116890e-05
9995.0 3.62384469e-05
9997.5 3.29029380e-05
10000.0 3.01430777e-05
10002.5 2.78393403e-05
10005.0 2.59020550e-05
10007.5 2.42629172e-05
10010.0 2.28691902e-05
10012.5 2.16796655e-05
10015.0 2.06617982e-05
10017.5 1.97896425e-05
10020.0 1.90423429e-05
10022.5 1.84030161e-05
10025.0 1.78579131e-05
10027.5 1.73957848e-05
10030.0 1.70073964e-05
10032.5 1.66851527e-05
10035.0 1.64228074e-05
10037.5 1.62152359e-05
10040.0 1.60582569e-05
10042.5 1.59484924e-05
10045.0 1.58832572e-05
10047.5 1.58604732e-05
10050.0 1.58786026e-05
10052.5 1.59365975e-05
10055.0 1.60338625e-05
10057.5 1.61702300e-05
10060.0 1.63459448e-05
10062.5 1.65616593e-05
10065.0 1.68184370e-05
10067.5 1.71177657e-05
10070.0 1.74615799e-05
10072.5 1.78522926e-05
10075.0 1.82928392e-05
10077.5 1.87867331e-05
10080.0 1.93381354e-05
10082.5 1.99519426e-05
10085.0 2.06338938e-05
10087.5 2.13907030e-05
10090.0 2.22302213e-05
10092.5 2.31616373e-05
10095.0 2.41957239e-05
10097.5 2.53451445e-05
10100.0 2.66248351e-05
10102.5 2.80524819e-05
10105.0 2.96491259e-05
10107.5 3.14399301e-05
10110.0 3.34551629e-05
10112.5 3.57314705e-05
10115.0 3.83135362e-05
10117.5 4.12562705e-05
10120.0 4.46277320e-05
10122.5 4.85130724e-05
10125.0 5.30199365e-05
10127.5 5.82859657e-05
10130.0 6.44893917e-05
10132.5 7.18642690e-05
10135.0 8.07228157e-05
10137.5 9.14889221e-05
10140.0 1.04749689e-04
10142.5 1.21336983e-04
10145.0 1.42460774e-04
10147.5 1.69935475e-04
10150.0 2.06581415e-04
10152.5 2.56974993e-04
10155.0 3.28940901e-04
10157.5 4.36757748e-04
10160.0 6.08744458e-04
10162.5 9.07621912e-04
10165.0 1.49533097e-03
10167.5 2.89652979e-03
10170.0 7.54835804e-03
10172.5 3.19709208e-02
10175.0 2.37919729e-02
10177.5 6.07194255e-03
10180.0 2.50774013e-03
10182.5 1.34536593e-03
10185.0 8.35534020e-04
10187.5 5.68992783e-04
10190.0 4.12737957e-04
10192.5 3.13479355e-04
10195.0 2.46574109e-04
10197.5 1.99374626e-04
10200.0 1.64854395e-04
10202.5 1.38858812e-04
10205.0 1.18804668e-04
10207.5 1.03017819e-04
10210.0 9.03748951e-05
10212.5 8.00994780e-05
10215.0 7.16411077e-05
10217.5 6.46007834e-05
10220.0 5.86836155e-05
10222.5 5.36678830e-05
10225.0 4.93843124e-05
10227.5 4.57018926e-05
10230.0 4.25179738e-05
10232.5 3.97512329e-05
10235.0 3.73365957e-05
10237.5 3.52215181e-05
10240.0 3.33632253e-05
10242.5 3.17266391e-05
10245.0 3.02828027e-05
10247.5 2.90076726e-05
10250.0 2.78811827e-05
10252.5 2.68865135e-05
10255.0 2.60095167e-05
10257.5 2.52382597e-05
10260.0 2.45626616e-05
10262.5 2.39742020e-05
10265.0 2.34656871e-05
10267.5 2.30310597e-05
10270.0 2.26652470e-05
10272.5 2.23640369e-05
10275.0 2.21239791e-05
10277.5 2.19423058e-05
10280.0 2.18168695e-05
10282.5 2.17460956e-05
10285.0 2.17289478e-05
10287.5 2.17649040e-05
10290.0 2.18539444e-05
10292.5 2.19965483e-05
10295.0 2.21937016e-05
10297.5 2.24469146e-05
10300.0 2.27582501e-05
10302.5 2.31303635e-05
10305.0 2.35665563e-05
10307.5 2.40708438e-05
10310.0 2.46480412e-05
10312.5 2.53038702e-05
10315.0 2.60450902e-05
10317.5 2.68796603e-05
10320.0 2.78169393e-05
10322.5 2.88679308e-05
10325.0 3.00455884e-05
10327.5 3.13651932e-05
10330.0 3.28448263e-05
10332.5 3.45059618e-05
10335.0 3.63742172e-05
10337.5 3.84803091e-05
10340.0 4.08612817e-05
10342.5 4.35620991e-05
10345.0 4.66377291e-05
10347.5 5.01559010e-05
10350.0 5.42007962e-05
10352.5 5.88780509e-05
10355.0 6.43216303e-05
10357.5 7.07034213e-05
10360.0 7.82468409e-05
10362.5 8.72465051e-05
10365.0 9.80972451e-05
10367.5 1.11337915e-04
10370.0 1.27719268e-04
10372.5 1.48312277e-04
10375.0 1.74686951e-04
10377.5 2.09219314e-04
10380.0 2.55643182e-04
10382.5 3.20097639e-04
10385.0 4.13251312e-04
10387.5 5.54976919e-04
10390.0 7.85760611e-04
10392.5 1.19860839e-03
10395.0 2.04662503e-03
10397.5 4.21941165e-03
10400.0 1.24194858e-02
10402.5 5.04456092e-02
10405.0 1.81253662e-02
10407.5 5.36459751e-03
10410.0 2.42159360e-03
10412.5 1.36279492e-03
10415.0 8.71500620e-04
10417.5 6.05325192e-04
10420.0 4.45421826e-04
10422.5 3.42027777e-04
10425.0 2.71395590e-04
10427.5 2.21046157e-04
10430.0 1.83918171e-04
10432.5 1.55774761e-04
10435.0 1.33949837e-04
10437.5 1.16698309e-04
10440.0 1.02839425e-04
10442.5 9.15513810e-05
10445.0 8.22481186e-05
10447.5 7.45027794e-05
10450.0 6.79986783e-05
10452.5 6.24970506e-05
10455.0 5.78153274e-05
10457.5 5.38121961e-05
10460.0 5.03771343e-05
10462.5 4.74229591e-05
10465.0 4.48804482e-05
10467.5 4.26944126e-05
10470.0 4.08208034e-05
10472.5 3.92245723e-05
10475.0 3.78780910e-05
10477.5 3.67599979e-05
10480.0 3.58543811e-05
10482.5 3.51502406e-05
10485.0 3.46411951e-05
10487.5 3.43254207e-05
10490.0 3.42058306e-05
10492.5 3.42905257e-05
10495.0 3.45935781e-05
10497.5 3.51362460e-05
10500.0 3.59487809e-05
10502.5 3.70730765e-05
10505.0 3.85665554e-05
10507.5 4.05079292e-05
10510.0 4.30058741e-05
10512.5 4.62123815e-05
10515.0 5.03438429e-05
10517.5 5.57153925e-05
10520.0 6.27989018e-05
10522.5 7.23251744e-05
10525.0 8.54733535e-05
10527.5 1.04243959e-04
10530.0 1.32250355e-04
10532.5 1.76562340e-04
10535.0 2.52551667e-04
10537.5 3.98876167e-04
10540.0 7.35853026e-04
10542.5 1.78732821e-03
10545.0 7.10800952e-03
10547.5 8.34562552e-03
10550.0 2.00911805e-03
10552.5 7.94655201e-04
10555.0 4.21933197e-04
10557.5 2.64038961e-04
10560.0 1.83328599e-04
10562.5 1.36795227e-04
10565.0 1.07649081e-04
10567.5 8.82676552e-05
10570.0 7.47925250e-05
10572.5 6.51034448e-05
10575.0 5.79582147e-05
10577.5 5.25908006e-05
10580.0 4.85087144e-05
10582.5 4.53843266e-05
10585.0 4.29934881e-05
10587.5 4.11793388e-05
10590.0 3.98301696e-05
10592.5 3.88654536e-05
10595.0 3.82267976e-05
10597.5 3.78719568e-05
10600.0 3.77708112e-05
10602.5 3.79026399e-05
10605.0 3.82542764e-05
10607.5 3.88188872e-05
10610.0 3.95952082e-05
10612.5 4.05871377e-05
10615.0 4.18036284e-05
10617.5 4.32588507e-05
10620.0 4.49726280e-05
10622.5 4.69711705e-05
10625.0 4.92881574e-05
10627.5 5.19662572e-05
10630.0 5.50592146e-05
10632.5 5.86347003e-05
10635.0 6.27782106e-05
10637.5 6.75984451e-05
10640.0 7.32348052e-05
10642.5 7.98680041e-05
10645.0 8.77353282e-05
10647.5 9.71530227e-05
10650.0 1.08549854e-04
10652.5 1.22518705e-04
10655.0 1.39898180e-04
10657.5 1.61905967e-04
10660.0 1.90365173e-04
10662.5 2.28105823e-04
10665.0 2.79715489e-04
10667.5 3.53034449e-04
10670.0 4.62375966e-04
10672.5 6.36183738e-04
10675.0 9.37765325e-04
10677.5 1.53240688e-03
10680.0 2.96958274e-03
10682.5 7.95097699e-03
10685.0 2.97492876e-02
10687.5 2.94131334e-02
10690.0 7.33094866e-03
10692.5 2.84589438e-03
10695.0 1.50471905e-03
10697.5 9.43233785e-04
10700.0 6.59390421e-04
10702.5 4.98617498e-04
10705.0 4.01044745e-04
10707.5 3.39723351e-04
10710.0 3.01244119e-04
10712.5 2.78529932e-04
10715.0 2.67823091e-04
10717.5 2.67341603e-04
10720.0 2.76700889e-04
10722.5 2.96766584e-04
10725.0 3.29852930e-04
10727.5 3.80353445e-04
10730.0 4.56126315e-04
10732.5 5.71469558e-04
10735.0 7.53900314e-04
10737.5 1.06126020e-03
10740.0 1.63155008e-03
10742.5 2.86081920e-03
10745.0 6.26149009e-03
10747.5 2.08590948e-02
10750.0 6.04958184e-02
10752.5 1.51366794e-02
10755.0 5.10371073e-03
10757.5 2.47085273e-03
10760.0 1.44830685e-03
10762.5 9.51565281e-04
10765.0 6.74031586e-04
10767.5 5.03495986e-04
10770.0 3.91244019e-04
10772.5 3.13408463e-04
10775.0 2.57192690e-04
10777.5 2.15239377e-04
10780.0 1.83076037e-04
10782.5 1.57857203e-04
10785.0 1.37702582e-04
10787.5 1.21329177e-04
10790.0 1.07837143e-04
10792.5 9.65801458e-05
10795.0 8.70841501e-05
10797.5 7.89950289e-05
10800.0 7.20438622e-05
10802.5 6.60234194e-05
10805.0 6.07718851e-05
10807.5 5.61613867e-05
10810.0 5.20897705e-05
10812.5 4.84746138e-05
10815.0 4.52488059e-05
10817.5 4.23572437e-05
10820.0 3.97543316e-05
10822.5 3.74020699e-05
10825.0 3.52685780e-05
10827.5 3.33269427e-05
10830.0 3.15543126e-05
10832.5 2.99311798e-05
10835.0 2.84408058e-05
10837.5 2.70687603e-05
10840.0 2.58025466e-05
10842.5 2.46312971e-05
10845.0 2.35455229e-05
10847.5 2.25369075e-05
10850.0 2.15981364e-05
10852.5 2.07227540e-05
10855.0 1.99050448e-05
10857.5 1.91399329e-05
10860.0 1.84228973e-05
10862.5 1.77499002e-05
10865.0 1.71173257e-05
10867.5 1.65219276e-05
10870.0 1.59607845e-05
10872.5 1.54312613e-05
10875.0 1.49309759e-05
10877.5 1.44577703e-05
10880.0 1.40096856e-05
10882.5 1.35849401e-05
10885.0 1.31819103e-05
10887.5 1.27991141e-05
10890.0 1.24351965e-05
10892.5 1.20889159e-05
10895.0 1.17591336e-05
10897.5 1.14448032e-05
10900.0 1.11449618e-05
10902.5 1.08587219e-05
10905.0 1.05852648e-05
10907.5 1.03238337e-05
10910.0 1.00737286e-05
10912.5 9.83430093e-06
10915.0 9.60494910e-06
10917.5 9.38511455e-06
10920.0 9.17427798e-06
10922.5 8.97195613e-06
10925.0 8.77769877e-06
10927.5 8.59108602e-06
10930.0 8.41172592e-06
10932.5 8.23925224e-06
10935.0 8.07332244e-06
10937.5 7.91361587e-06
10940.0 7.75983212e-06
10942.5 7.61168950e-06
10945.0 7.46892364e-06
10947.5 7.33128625e-06
10950.0 7.19854397e-06
10952.5 7.07047730e-06
10955.0 6.94687961e-06
10957.5 6.82755631e-06
10960.0 6.71232396e-06
10962.5 6.60100958e-06
10965.0 6.49344992e-06
10967.5 6.38949082e-06
10970.0 6.28898664e-06
10972.5 6.19179971e-06
10975.0 6.09779982e-06
10977.5 6.00686376e-06
10980.0 5.91887488e-06
10982.5 5.83372272e-06
10985.0 5.75130259e-06
10987.5 5.67151529e-06
10990.0 5.59426674e-06
10992.5 5.51946771e-06
10995.0 5.44703352e-06
10997.5 5.37688382e-06
11000.0 5.30894233e-06
11002.5 5.24313661e-06
11005.0 5.17939789e-06
11007.5 5.11766082e-06
11010.0 5.05786336e-06
11012.5 4.99994653e-06
11015.0 4.94385435e-06
11017.5 4.88953360e-06
11020.0 4.83693376e-06
11022.5 4.78600682e-06
11025.0 4.73670722e-06
11027.5 4.68899171e-06
11030.0 4.64281922e-06
11032.5 4.59815081e-06
11035.0 4.55494958e-06
11037.5 4.51318054e-06
11040.0 4.47281057e-06
11042.5 4.43380834e-06
11045.0 4.39614424e-06
11047.5 4.35979032e-06
11050.0 4.32472021e-06
11052.5 4.29090911e-06
11055.0 4.25833370e-06
11057.5 4.22697213e-06
11060.0 4.19680392e-06
11062.5 4.16781000e-06
11065.0 4.13997260e-06
11067.5 4.11327529e-06
11070.0 4.08770287e-06
11072.5 4.06324143e-06
11075.0 4.03987825e-06
11077.5 4.01760185e-06
11080.0 3.99640192e-06
11082.5 3.97626933e-06
11085.0 3.95719611e-06
11087.5 3.93917548e-06
11090.0 3.92220177e-06
11092.5 3.90627049e-06
11095.0 3.89137830e-06
11097.5 3.87752299e-06
11100.0 3.86470354e-06
11102.5 3.85292009e-06
11105.0 3.84217396e-06
11107.5 3.83246766e-06
11110.0 3.82380494e-06
11112.5 3.81619075e-06
11115.0 3.80963135e-06
11117.5 3.80413425e-06
11120.0 3.79970830e-06
11122.5 3.79636370e-06
11125.0 3.79411208e-06
11127.5 3.79296648e-06
11130.0 3.79294145e-06
11132.5 3.79405307e-06
11135.0 3.79631906e-06
11137.5 3.79975877e-06
11140.0 3.80439333e-06
11142.5 3.81024565e-06
11145.0 3.81734058e-06
11147.5 3.82570492e-06
11150.0 3.83536760e-06
11152.5 3.84635971e-06
11155.0 3.85871468e-06
11157.5 3.87246835e-06
11160.0 3.88765914e-06
11162.5 3.90432820e-06
11165.0 3.92251954e-06
11167.5 3.94228023e-06
11170.0 3.96366057e-06
11172.5 3.98671430e-06
11175.0 4.01149882e-06
11177.5 4.03807542e-06
11180.0 4.06650955e-06
11182.5 4.09687110e-06
11185.0 4.12923471e-06
11187.5 4.16368008e-06
11190.0 4.20029237e-06
11192.5 4.23916257e-06
11195.0 4.28038795e-06
11197.5 4.32407250e-06
11200.0 4.37032749e-06
11202.5 4.41927202e-06
11205.0 4.47103362e-06
11207.5 4.52574894e-06
11210.0 4.58356452e-06
11212.5 4.64463757e-06
11215.0 4.70913690e-06
11217.5 4.77724392e-06
11220.0 4.84915372e-06
11222.5 4.92507627e-06
11225.0 5.00523783e-06
11227.5 5.08988235e-06
11230.0 5.17927321e-06
11232.5 5.27369499e-06
11235.0 5.37345557e-06
11237.5 5.47888839e-06
11240.0 5.59035501e-06
11242.5 5.70824796e-06
11245.0 5.83299399e-06
11247.5 5.96505764e-06
11250.0 6.10494533e-06
11252.5 6.25320993e-06
11255.0 6.41045598e-06
11257.5 6.57734556e-06
11260.0 6.75460500e-06
11262.5 6.94303248e-06
11265.0 7.14350681e-06
11267.5 7.35699734e-06
11270.0 7.58457551e-06
11272.5 7.82742801e-06
11275.0 8.08687210e-06
11277.5 8.36437332e-06
11280.0 8.66156610e-06
11282.5 8.98027785e-06
11285.0 9.32255718e-06
11287.5 9.69070708e-06
11290.0 1.00873242e-05
11292.5 1.05153452e-05
11295.0 1.09781025e-05
11297.5 1.14793906e-05
11300.0 1.20235462e-05
11302.5 1.26155449e-05
11305.0 1.32611192e-05
11307.5 1.39669032e-05
11310.0 1.47406109e-05
11312.5 1.55912574e-05
11315.0 1.65294361e-05
11317.5 1.75676685e-05
11320.0 1.87208496e-05
11322.5 2.00068191e-05
11325.0 2.14471050e-05
11327.5 2.30678981e-05
11330.0 2.49013485e-05
11332.5 2.69873108e-05
11335.0 2.93757309e-05
11337.5 3.21299616e-05
11340.0 3.53314533e-05
11342.5 3.90865247e-05
11345.0 4.35363609e-05
11347.5 4.88721553e-05
11350.0 5.53587208e-05
11352.5 6.33725515e-05
11355.0 7.34655825e-05
11357.5 8.64769171e-05
11360.0 1.03739314e-04
11362.5 1.27486041e-04
11365.0 1.61717957e-04
11367.5 2.14242736e-04
11370.0 3.02123589e-04
11372.5 4.68977651e-04
11375.0 8.55231469e-04
11377.5 2.11163780e-03
11380.0 8.63787349e-03
11382.5 6.42046264e-03
11385.0 1.81707958e-03
11387.5 9.59778170e-04
11390.0 7.88470125e-04
11392.5 9.05393423e-04
11395.0 1.38415235e-03
11397.5 2.90480112e-03
11400.0 9.90188537e-03
11402.5 2.34235342e-02
11405.0 5.59104824e-03
11407.5 1.98461833e-03
11410.0 9.91854891e-04
11412.5 5.94365479e-04
11415.0 3.97058130e-04
11417.5 2.84927641e-04
11420.0 2.15036958e-04
11422.5 1.68462512e-04
11425.0 1.35817659e-04
11427.5 1.12015504e-04
11430.0 9.41030826e-05
11432.5 8.02693234e-05
11435.0 6.93524226e-05
11437.5 6.05786610e-05
11440.0 5.34162050e-05
11442.5 4.74894458e-05
11445.0 4.25268128e-05
11447.5 3.83278893e-05
11450.0 3.47420734e-05
11452.5 3.16543665e-05
11455.0 2.89756886e-05
11457.5 2.66361422e-05
11460.0 2.45802395e-05
11462.5 2.27634637e-05
11465.0 2.11497537e-05
11467.5 1.97096395e-05
11470.0 1.84188410e-05
11472.5 1.72572042e-05
11475.0 1.62078837e-05
11477.5 1.52567088e-05
11480.0 1.43916877e-05
11482.5 1.36026159e-05
11485.0 1.28807640e-05
11487.5 1.22186285e-05
11490.0 1.16097299e-05
11492.5 1.10484486e-05
11495.0 1.05298914e-05
11497.5 1.00497807e-05
11500.0 9.60436411e-06
