2000.43 3.316878e+06 
2003.82 5.730714e+06 
2007.21 2.034013e+06 
2010.61 4.825994e+06 
2014.02 3.424254e+06 
2017.43 3.472285e+06 
2020.85 3.529075e+06 
2024.27 2.305329e+06 
2027.70 1.366537e+06 
2031.14 1.939051e+06 
2034.58 3.389686e+06 
2038.02 3.345808e+06 
2041.48 3.187411e+06 
2044.93 2.252607e+06 
2048.40 1.456573e+06 
2051.87 2.522491e+06 
2055.34 1.838411e+06 
2058.83 1.689813e+06 
2062.31 2.208870e+06 
2065.81 1.084604e+06 
2069.31 3.251756e+06 
2072.81 4.550454e+06 
2076.32 4.959154e+06 
2079.84 2.485772e+06 
2083.36 3.278561e+06 
2086.89 1.010127e+06 
2090.43 2.571168e+06 
2093.97 7.018222e+05 
2097.52 3.732203e+06 
2101.07 4.228371e+06 
2104.63 2.560778e+06 
2108.19 7.394149e+05 
2111.76 4.542796e+06 
2115.34 3.547389e+06 
2118.92 1.924032e+06 
2122.51 3.114741e+06 
2126.11 1.306615e+06 
2129.71 3.079614e+06 
2133.32 4.081996e+06 
2136.93 3.023873e+06 
2140.55 2.759960e+06 
2144.18 4.606134e+06 
2147.81 3.105243e+06 
2151.45 3.771052e+06 
2155.09 4.229982e+06 
2158.74 2.008987e+06 
2162.40 2.694777e+06 
2166.06 3.126361e+06 
2169.73 3.978201e+06 
2173.41 6.099122e+06 
2177.09 3.847839e+06 
2180.78 5.163140e+06 
2184.47 9.481445e+05 
2188.17 4.141926e+06 
2191.88 6.711793e+06 
2195.59 1.231672e+06 
2199.31 1.865191e+06 
2203.04 1.287916e+06 
2206.77 3.298774e+06 
2210.51 3.632585e+06 
2214.25 6.915594e+06 
2218.00 6.659134e+06 
2221.76 4.304345e+06 
2225.52 5.497944e+06 
2229.29 4.071372e+06 
2233.07 7.329053e+06 
2236.85 6.265420e+06 
2240.64 5.529600e+06 
2244.44 7.934748e+06 
2248.24 6.888596e+06 
2252.05 1.774227e+07 
2255.86 1.148795e+07 
2259.68 2.019385e+07 
2263.51 1.113378e+07 
2267.35 6.540064e+06 
2271.19 9.286049e+06 
2275.03 6.516518e+06 
2278.89 5.918798e+06 
2282.75 5.569970e+06 
2286.61 1.127673e+07 
2290.49 2.862289e+06 
2294.37 1.417804e+06 
2298.26 8.074112e+06 
2302.15 5.361084e+06 
2306.05 1.924538e+06 
2309.95 5.952655e+06 
2313.87 1.006203e+07 
2317.79 1.431534e+07 
2321.71 8.304208e+06 
2325.65 3.835734e+06 
2329.59 8.793929e+06 
2333.53 8.035448e+06 
2337.48 1.179854e+07 
2341.44 7.582293e+06 
2345.41 1.136696e+07 
2349.38 1.237816e+07 
2353.36 1.091457e+07 
2357.35 9.294228e+06 
2361.34 1.508332e+07 
2365.34 2.434483e+07 
2369.35 1.633332e+07 
2373.36 1.528086e+07 
2377.38 1.839284e+07 
2381.41 1.290758e+07 
2385.45 2.881988e+07 
2389.49 1.423279e+07 
2393.53 1.529263e+07 
2397.59 1.040967e+07 
2401.65 2.191921e+07 
2405.72 2.584071e+07 
2409.79 1.560160e+07 
2413.88 1.707875e+07 
2417.96 1.222318e+07 
2422.06 1.612883e+07 
2426.16 9.833889e+06 
2430.27 1.716167e+07 
2434.39 2.159316e+07 
2438.51 2.631954e+07 
2442.64 1.880201e+07 
2446.78 6.664419e+06 
2450.93 3.181642e+07 
2455.08 1.919501e+07 
2459.24 1.847493e+07 
2463.40 1.544133e+07 
2467.58 1.743266e+07 
2471.76 1.620628e+07 
2475.94 2.114759e+07 
2480.14 1.542710e+07 
2484.34 1.822938e+07 
2488.55 2.359667e+07 
2492.76 8.862944e+06 
2496.99 2.842960e+07 
2501.22 1.066110e+07 
2505.45 7.356279e+06 
2509.70 1.585437e+07 
2513.95 1.501051e+07 
2518.21 1.566470e+07 
2522.47 1.377843e+07 
2526.74 1.485402e+07 
2531.03 2.151800e+07 
2535.31 1.387088e+07 
2539.61 7.140930e+06 
2543.91 3.196545e+07 
2548.22 1.276781e+07 
2552.54 1.853072e+07 
2556.86 1.599774e+07 
2561.19 1.012870e+07 
2565.53 8.967281e+06 
2569.87 1.353451e+07 
2574.23 1.177686e+07 
2578.59 1.090065e+07 
2582.96 8.998961e+06 
2587.33 9.403872e+06 
2591.72 1.131416e+07 
2596.11 8.636437e+06 
2600.50 5.701858e+06 
2604.91 1.840004e+07 
2609.32 6.961330e+06 
2613.74 1.397824e+07 
2618.17 2.480244e+07 
2622.60 8.758055e+06 
2627.05 1.308476e+07 
2631.50 1.480348e+07 
2635.95 2.840044e+07 
2640.42 6.149762e+06 
2644.89 6.556540e+06 
2649.37 8.606582e+06 
2653.86 8.794708e+06 
2658.36 6.128236e+06 
2662.86 6.748831e+06 
2667.37 4.937294e+06 
2671.89 1.645844e+07 
2676.41 1.490643e+07 
2680.95 1.516328e+06 
2685.49 4.369402e+06 
2690.04 1.062931e+07 
2694.60 1.730098e+06 
2699.16 1.202423e+07 
2703.73 8.918184e+06 
2708.31 4.201872e+06 
2712.90 1.078089e+07 
2717.50 9.510428e+06 
2722.10 1.911552e+07 
2726.71 9.951122e+06 
2731.33 1.206033e+07 
2735.96 1.934237e+07 
2740.59 6.922140e+06 
2745.23 1.246480e+07 
2749.88 1.704372e+07 
2754.54 3.448308e+07 
2759.21 2.502781e+07 
2763.88 9.062158e+06 
2768.56 1.216950e+07 
2773.25 1.502395e+07 
2777.95 8.697637e+06 
2782.66 1.703070e+07 
2787.37 8.320682e+06 
2792.09 8.941054e+06 
2796.82 6.514746e+06 
2801.56 1.463117e+07 
2806.31 6.882550e+06 
2811.06 5.960184e+06 
2815.82 3.147240e+06 
2820.59 4.143664e+06 
2825.37 2.252200e+06 
2830.16 6.428675e+06 
2834.95 7.813060e+06 
2839.75 1.215678e+07 
2844.56 2.014315e+07 
2849.38 1.376028e+07 
2854.21 9.727575e+06 
2859.04 5.776853e+06 
2863.89 1.874434e+07 
2868.74 6.702316e+06 
2873.60 1.248892e+07 
2878.46 1.118115e+07 
2883.34 6.542574e+06 
2888.22 8.258313e+06 
2893.12 8.412799e+06 
2898.02 7.779836e+06 
2902.93 9.370433e+06 
2907.84 4.105916e+06 
2912.77 7.399615e+06 
2917.70 2.567236e+06 
2922.65 1.041724e+07 
2927.60 3.635990e+06 
2932.56 8.257804e+06 
2937.52 1.642257e+06 
2942.50 2.265790e+06 
2947.48 3.490900e+06 
2952.48 8.571699e+06 
2957.48 9.054982e+06 
2962.49 1.749944e+06 
2967.51 5.435658e+06 
2972.53 1.197312e+07 
2977.57 9.294297e+06 
2982.61 3.660728e+06 
2987.67 8.338323e+06 
2992.73 9.282759e+06 
2997.80 2.052675e+06 
3002.87 1.940034e+06 
3007.96 7.064193e+06 
3013.06 1.337736e+06 
3018.16 4.284757e+05 
3023.27 2.117674e+05 
3028.39 1.741934e+06 
3033.52 3.680689e+05 
3038.66 2.254112e+05 
3043.81 1.548813e+06 
3048.97 1.113588e+06 
3054.13 2.173338e+06 
3059.31 5.155914e+05 
3064.49 1.040214e+06 
3069.68 1.947705e+06 
3074.88 1.801173e+06 
3080.09 1.120352e+06 
3085.31 5.379148e+06 
3090.53 6.279155e+05 
3095.77 7.398224e+05 
3101.01 1.290126e+06 
3106.26 9.787389e+05 
3111.53 4.390121e+06 
3116.80 2.954618e+05 
3122.08 5.907824e+06 
3127.37 7.109120e+05 
3132.66 4.432793e+05 
3137.97 3.154752e+06 
3143.29 2.947140e+06 
3148.61 1.889105e+06 
3153.94 2.314138e+06 
3159.29 2.499416e+06 
3164.64 7.847674e+05 
3170.00 1.286371e+07 
3175.37 6.477968e+06 
3180.75 4.469086e+05 
3186.14 4.108121e+06 
3191.53 1.657576e+07 
3196.94 5.526832e+06 
3202.35 1.081451e+07 
3207.78 3.839127e+05 
3213.21 1.742759e+05 
3218.66 9.188292e+06 
3224.11 1.121031e+04 
3229.57 2.706935e+05 
3235.04 5.602088e+06 
3240.52 5.588286e+06 
3246.01 4.155431e+06 
3251.51 3.870163e+06 
3257.02 2.450604e+06 
3262.53 1.022293e+07 
3268.06 4.806837e+06 
3273.60 6.038410e+06 
3279.14 1.092430e+06 
3284.70 1.578758e+07 
3290.26 1.156072e+07 
3295.83 2.492928e+06 
3301.42 7.477945e+06 
3307.01 8.612260e+06 
3312.61 5.189748e+06 
3318.22 5.028207e+06 
3323.84 1.964710e+05 
3329.47 1.837055e+06 
3335.11 7.774874e+06 
3340.76 8.389531e+04 
3346.42 1.445131e+07 
3352.09 5.926064e+06 
3357.77 6.282019e+04 
3363.46 2.079330e+06 
3369.16 7.359570e+06 
3374.86 1.341327e+06 
3380.58 2.199567e+05 
3386.31 3.134293e+06 
3392.04 5.630545e+05 
3397.79 6.442744e+05 
3403.54 1.220046e+06 
3409.31 1.753313e+05 
3415.09 5.607211e+05 
3420.87 3.132244e+06 
3426.67 2.885335e+06 
3432.47 1.053323e+07 
3438.28 1.485459e+06 
3444.11 9.763033e+05 
3449.94 2.349055e+06 
3455.79 1.509130e+06 
3461.64 3.340250e+06 
3467.50 1.231272e+06 
3473.38 3.676650e+06 
3479.26 1.839776e+05 
3485.16 6.081358e+06 
3491.06 3.055506e+06 
3496.97 3.460843e+06 
3502.90 7.325402e+06 
3508.83 1.825232e+06 
3514.77 2.891919e+06 
3520.73 1.066727e+06 
3526.69 2.323824e+06 
3532.67 1.226970e+06 
3538.65 3.425323e+05 
3544.65 6.570622e+06 
3550.65 4.794103e+05 
3556.66 2.795253e+05 
3562.69 1.388520e+06 
3568.72 6.014120e+05 
3574.77 1.477389e+06 
3580.83 9.866541e+04 
3586.89 2.706502e+04 
3592.97 4.045823e+05 
3599.05 3.095028e+04 
3605.15 1.221677e+06 
3611.26 1.675773e+06 
3617.37 4.129411e+05 
3623.50 7.686469e+05 
3629.64 1.600732e+06 
3635.79 3.812113e+05 
3641.95 6.364034e+05 
3648.12 4.103948e+05 
3654.30 1.382018e+05 
3660.49 2.387382e+05 
3666.69 4.481830e+05 
3672.90 1.599845e+05 
3679.12 3.042109e+04 
3685.35 3.403568e+05 
3691.60 1.976640e+05 
3697.85 8.834082e+04 
3704.11 2.917658e+05 
3710.39 1.991710e+05 
3716.67 8.533722e+04 
3722.97 1.972572e+05 
3729.28 2.556412e+06 
3735.59 3.406650e+06 
3741.92 2.353413e+05 
3748.26 1.005365e+06 
3754.61 1.302378e+06 
3760.97 4.045243e+05 
3767.34 7.334294e+05 
3773.72 1.016353e+06 
3780.11 1.120392e+06 
3786.52 1.151960e+06 
3792.93 2.290286e+06 
3799.36 2.377801e+03 
3805.79 4.149875e+05 
3812.24 4.766128e+05 
3818.70 3.643518e+05 
3825.17 4.114275e+05 
3831.65 6.627604e+05 
3838.14 7.735297e+05 
3844.64 6.994268e+04 
3851.15 4.052287e+05 
3857.68 4.904559e+04 
3864.21 2.961452e+04 
3870.76 3.328451e+05 
3877.31 3.295547e+04 
3883.88 3.384475e+05 
3890.46 2.372578e+04 
3897.05 5.711321e+04 
3903.65 2.270401e+05 
3910.26 3.629543e+05 
3916.89 5.616199e+05 
3923.52 1.615035e+06 
3930.17 1.909795e+05 
3936.83 1.736952e+06 
3943.50 3.721629e+06 
3950.18 1.586134e+06 
3956.87 2.064223e+05 
3963.57 6.532666e+04 
3970.28 1.020828e+05 
3977.01 5.050134e+06 
3983.75 6.877427e+05 
3990.50 4.120629e+05 
3997.26 3.606210e+04 
4004.03 5.507518e+04 
4010.81 5.861383e+05 
4017.60 4.529687e+03 
4024.41 6.605031e+04 
4031.23 4.187702e+05 
4038.05 4.367340e+05 
4044.90 6.125027e+04 
4051.75 1.058307e+05 
4058.61 3.812526e+05 
4065.49 1.745212e+05 
4072.37 2.069106e+05 
4079.27 2.063356e+05 
4086.18 7.198139e+04 
4093.10 4.458880e+05 
4100.04 1.231956e+05 
4106.98 3.788925e+04 
4113.94 2.994034e+04 
4120.91 6.230657e+04 
4127.89 3.522856e+06 
4134.88 1.523768e+06 
4141.89 1.769461e+03 
4148.90 3.323071e+05 
4155.93 5.792874e+04 
4162.97 1.159822e+05 
4170.02 2.417091e+05 
4177.09 1.169957e+05 
4184.16 1.375076e+07 
4191.25 4.275442e+05 
4198.35 6.962090e+04 
4205.46 1.324011e+04 
4212.58 1.204227e+05 
4219.72 1.542428e+05 
4226.87 5.773321e+04 
4234.03 1.847659e+05 
4241.20 6.890940e+06 
4248.39 5.343766e+04 
4255.58 2.069871e+05 
4262.79 3.115084e+04 
4270.01 3.334303e+06 
4277.25 2.760134e+04 
4284.49 1.861228e+06 
4291.75 1.796247e+04 
4299.02 1.329346e+05 
4306.30 5.088679e+06 
4313.60 2.750290e+06 
4320.90 2.130820e+06 
4328.22 6.271195e+04 
4335.55 2.041065e+05 
4342.90 1.065353e+05 
4350.25 5.688362e+05 
4357.62 4.291648e+06 
4365.01 4.498773e+05 
4372.40 1.530525e+05 
4379.81 2.526068e+06 
4387.23 6.297941e+04 
4394.66 5.572232e+06 
4402.10 6.620788e+03 
4409.56 9.168193e+04 
4417.03 8.985684e+03 
4424.51 3.963545e+06 
4432.01 1.679518e+04 
4439.51 1.170410e+04 
4447.03 1.287511e+05 
4454.57 1.469142e+05 
4462.11 5.555094e+05 
4469.67 1.003906e+06 
4477.24 3.146282e+04 
4484.83 2.525128e+06 
4492.42 5.689066e+04 
4500.03 1.205916e+07 
4507.66 1.869590e+04 
4515.29 2.145648e+06 
4522.94 6.693418e+06 
4530.60 9.830651e+06 
4538.28 3.358204e+04 
4545.97 2.471563e+06 
4553.67 1.655475e+06 
4561.38 4.527466e+06 
4569.11 7.595144e+06 
4576.85 1.062779e+04 
4584.60 2.354934e+06 
4592.37 1.182742e+07 
4600.15 2.298991e+05 
4607.94 4.222242e+05 
4615.74 1.698652e+04 
4623.56 1.892281e+04 
4631.40 2.407237e+06 
4639.24 1.440176e+07 
4647.10 4.616638e+05 
4654.97 3.662970e+05 
4662.86 7.725269e+05 
4670.76 9.709428e+05 
4678.67 6.508391e+06 
4686.59 1.089902e+04 
4694.53 1.949721e+04 
4702.48 3.959808e+03 
4710.45 9.577413e+03 
4718.43 1.924162e+04 
4726.42 1.107933e+05 
4734.43 4.312365e+04 
4742.45 3.198872e+06 
4750.48 2.546834e+04 
4758.53 3.406475e+04 
4766.59 1.563122e+04 
4774.66 6.708051e+03 
4782.75 2.761050e+04 
4790.85 1.871380e+04 
4798.97 4.454803e+03 
4807.10 6.573975e+03 
4815.24 2.179356e+04 
4823.40 1.078412e+05 
4831.57 4.257624e+04 
4839.75 1.070405e+06 
4847.95 2.033382e+05 
4856.16 1.850013e+05 
4864.39 2.750869e+05 
4872.63 3.940068e+04 
4880.89 7.791082e+05 
4889.15 3.597843e+04 
4897.44 7.655796e+04 
4905.73 7.991008e+05 
4914.04 6.307347e+04 
4922.37 7.128931e+04 
4930.70 5.023064e+06 
4939.06 1.585208e+05 
4947.42 1.927047e+04 
4955.80 2.474838e+05 
4964.20 2.038185e+05 
4972.61 1.272221e+04 
4981.03 1.250790e+05 
4989.47 2.825043e+05 
4997.92 4.933503e+05 
5006.39 1.855540e+06 
5014.87 5.947898e+05 
5023.36 2.629069e+05 
5031.87 1.450950e+07 
5040.40 4.209298e+05 
5048.93 3.840594e+05 
5057.49 3.214746e+05 
5066.05 1.421728e+04 
5074.64 5.857469e+05 
5083.23 3.902827e+05 
5091.84 1.823612e+05 
5100.47 6.472359e+05 
5109.11 1.094749e+06 
5117.76 2.000721e+05 
5126.43 3.181236e+05 
5135.12 6.202914e+05 
5143.81 1.824582e+06 
5152.53 1.286973e+06 
5161.26 8.152254e+05 
5170.00 5.505420e+05 
5178.76 8.901841e+06 
5187.53 5.691389e+05 
5196.32 1.183043e+05 
5205.12 9.394994e+06 
5213.94 4.764419e+05 
5222.77 3.607220e+05 
5231.62 5.218502e+05 
5240.48 3.812730e+05 
5249.36 7.356376e+06 
5258.25 6.028259e+05 
5267.16 2.416557e+06 
5276.08 1.355434e+06 
5285.02 8.098604e+06 
5293.97 4.013356e+06 
5302.94 9.936350e+04 
5311.92 8.619003e+04 
5320.92 2.299630e+05 
5329.93 1.835656e+07 
5338.96 2.490644e+06 
5348.00 4.718798e+05 
5357.06 2.712862e+05 
5366.14 1.461109e+05 
5375.23 5.144022e+06 
5384.33 1.845420e+05 
5393.45 3.706048e+05 
5402.59 4.794973e+05 
5411.74 2.130736e+05 
5420.91 1.424581e+06 
5430.09 1.975104e+04 
5439.29 3.872181e+06 
5448.50 1.720225e+06 
5457.73 3.827392e+05 
5466.98 1.672988e+05 
5476.24 2.733651e+05 
5485.52 1.908761e+05 
5494.81 2.636496e+05 
5504.12 4.103806e+05 
5513.44 2.206419e+05 
5522.78 2.453198e+05 
5532.14 3.771472e+05 
5541.51 3.661566e+05 
5550.89 8.565838e+06 
5560.30 3.998469e+05 
5569.72 1.121020e+05 
5579.15 2.199410e+05 
5588.60 2.265033e+05 
5598.07 2.251704e+05 
5607.55 2.553173e+05 
5617.05 1.699668e+05 
5626.57 3.944686e+03 
5636.10 3.106787e+05 
5645.64 1.925428e+04 
5655.21 1.129226e+05 
5664.79 1.279970e+05 
5674.38 4.329245e+05 
5684.00 1.514227e+05 
5693.62 8.038747e+03 
5703.27 3.063806e+04 
5712.93 3.282675e+04 
5722.61 5.221526e+03 
5732.30 2.601867e+04 
5742.01 2.456040e+05 
5751.74 5.167480e+04 
5761.48 1.793164e+05 
5771.24 1.258229e+04 
5781.02 2.689241e+04 
5790.81 1.761539e+05 
5800.62 1.192090e+05 
5810.45 6.284343e+04 
5820.29 1.013685e+05 
5830.15 8.508886e+04 
5840.02 1.610691e+05 
5849.92 1.497990e+05 
5859.83 2.649777e+03 
5869.75 6.139974e+04 
5879.70 1.102066e+05 
5889.66 2.461259e+03 
5899.63 2.075459e+05 
5909.63 5.705444e+04 
5919.64 1.384334e+05 
5929.67 5.175702e+04 
5939.71 1.186726e+05 
5949.77 1.416036e+04 
5959.85 2.150147e+05 
5969.95 1.657430e+05 
5980.06 6.789319e+04 
5990.19 2.212949e+04 
6000.34 2.656520e+06 
6010.50 1.897304e+04 
6020.68 1.925795e+03 
6030.88 5.952696e+04 
6041.10 4.780965e+04 
6051.33 2.931148e+03 
6061.58 2.451146e+05 
6071.85 1.468770e+05 
6082.13 1.662180e+05 
6092.44 7.609841e+05 
6102.76 2.652137e+04 
6113.10 9.184410e+04 
6123.45 2.609802e+05 
6133.82 7.941670e+04 
6144.21 2.348973e+05 
6154.62 4.021520e+04 
6165.05 1.792317e+06 
6175.49 3.023790e+04 
6185.95 1.745970e+05 
6196.43 1.275124e+05 
6206.93 6.718454e+04 
6217.44 1.473080e+04 
6227.97 6.440539e+04 
6238.52 2.322051e+05 
6249.09 2.551170e+06 
6259.68 2.695757e+06 
6270.28 2.059821e+04 
6280.90 3.560904e+05 
6291.54 4.482986e+04 
6302.20 2.630105e+05 
6312.88 7.189391e+04 
6323.57 1.635580e+05 
6334.28 3.025132e+06 
6345.01 1.410869e+05 
6355.76 4.402714e+05 
6366.53 1.337552e+05 
6377.31 6.070675e+05 
6388.11 2.681721e+05 
6398.94 1.142689e+06 
6409.77 7.175302e+03 
6420.63 3.617779e+05 
6431.51 1.647227e+06 
6442.40 2.262807e+06 
6453.32 8.809436e+05 
6464.25 4.765326e+05 
6475.20 3.973774e+06 
6486.17 1.605219e+04 
6497.16 2.771695e+05 
6508.16 5.781466e+05 
6519.19 3.047411e+05 
6530.23 4.391338e+06 
6541.29 2.589316e+04 
6552.37 5.988081e+05 
6563.47 2.733054e+05 
6574.59 2.481515e+06 
6585.73 1.046210e+06 
6596.88 1.623682e+05 
6608.06 1.003109e+05 
6619.25 5.770949e+05 
6630.46 5.802315e+05 
6641.70 8.181570e+04 
6652.95 7.332215e+03 
6664.22 5.089197e+04 
6675.51 2.254258e+04 
6686.81 1.630483e+03 
6698.14 1.160264e+05 
6709.49 3.334630e+04 
6720.85 3.026021e+04 
6732.24 3.593434e+04 
6743.64 4.462342e+04 
6755.07 2.157165e+04 
6766.51 1.519442e+04 
6777.97 1.684605e+04 
6789.45 6.067569e+04 
6800.95 1.121539e+04 
6812.47 2.969767e+04 
6824.01 3.234117e+04 
6835.57 4.351542e+04 
6847.15 3.629643e+04 
6858.75 1.451191e+04 
6870.37 1.123026e+05 
6882.01 3.984128e+05 
6893.67 9.097274e+04 
6905.34 4.753591e+03 
6917.04 2.267317e+05 
6928.76 4.837421e+04 
6940.50 1.167442e+06 
6952.25 1.078664e+04 
6964.03 3.251881e+04 
6975.83 6.695555e+04 
6987.64 1.704484e+04 
6999.48 1.636564e+05 
7011.34 5.715737e+04 
7023.21 1.261095e+05 
7035.11 4.879059e+03 
7047.03 4.079803e+05 
7058.96 3.950586e+03 
7070.92 1.326665e+05 
7082.90 1.765496e+04 
7094.90 9.047359e+03 
7106.92 3.960121e+04 
7118.96 7.631009e+04 
7131.02 5.786809e+04 
7143.09 4.399352e+05 
7155.19 4.543782e+05 
7167.32 9.024005e+04 
7179.46 1.750902e+05 
7191.62 3.364100e+05 
7203.80 9.045406e+05 
7216.00 4.067568e+05 
7228.23 1.086732e+04 
7240.47 4.007897e+05 
7252.74 5.428822e+04 
7265.02 8.324663e+04 
7277.33 8.899246e+05 
7289.66 3.179998e+04 
7302.01 4.209662e+05 
7314.38 1.956538e+05 
7326.77 6.097502e+05 
7339.18 3.147614e+05 
7351.61 2.567389e+05 
7364.06 3.642443e+05 
7376.54 5.004913e+05 
7389.03 8.993343e+04 
7401.55 2.527622e+04 
7414.09 7.153204e+04 
7426.65 4.063183e+05 
7439.23 1.211047e+05 
7451.83 3.510494e+04 
7464.45 3.262496e+05 
7477.10 9.614740e+05 
7489.76 4.589720e+05 
7502.45 1.655315e+04 
7515.16 2.720344e+05 
7527.89 2.968006e+06 
7540.64 7.081662e+04 
7553.41 4.547742e+05 
7566.21 3.610342e+04 
7579.03 4.818438e+04 
7591.86 3.137202e+05 
7604.73 7.427327e+04 
7617.61 2.268959e+05 
7630.51 2.860737e+05 
7643.44 7.010060e+03 
7656.39 1.282124e+05 
7669.35 7.730921e+05 
7682.35 3.183120e+05 
7695.36 1.206798e+04 
7708.40 3.656525e+05 
7721.45 4.214334e+06 
7734.53 1.463552e+04 
7747.64 2.139484e+05 
7760.76 5.277925e+04 
7773.91 1.229088e+05 
7787.07 6.283023e+04 
7800.27 3.640057e+05 
7813.48 1.048770e+05 
7826.71 1.466736e+04 
7839.97 2.775715e+05 
7853.25 5.057700e+05 
7866.56 5.485680e+04 
7879.88 1.320401e+06 
7893.23 2.909151e+04 
7906.60 2.316541e+04 
7919.99 1.587053e+05 
7933.41 6.730979e+04 
7946.85 9.030608e+03 
7960.31 3.722810e+04 
7973.80 5.730573e+03 
7987.30 8.952430e+05 
8000.83 6.946477e+04 
8014.39 3.586177e+04 
8027.96 2.904715e+05 
8041.56 1.928208e+05 
8055.18 3.535331e+04 
8068.83 6.191445e+04 
8082.50 5.546762e+05 
8096.19 6.785416e+05 
8109.90 4.525155e+04 
8123.64 1.927419e+05 
8137.40 1.440555e+06 
8151.19 4.526067e+04 
8165.00 4.083093e+05 
8178.83 9.398188e+05 
8192.68 3.758673e+04 
8206.56 1.789512e+04 
8220.46 4.032762e+04 
8234.39 7.644731e+05 
8248.33 4.386309e+05 
8262.31 1.446318e+06 
8276.30 1.308114e+05 
8290.32 1.132426e+04 
8304.37 3.732310e+06 
8318.43 1.441915e+06 
8332.52 4.093719e+05 
8346.64 1.383092e+05 
8360.78 4.369031e+04 
8374.94 3.671395e+05 
8389.13 6.978627e+05 
8403.34 1.039504e+05 
8417.57 3.692834e+05 
8431.83 5.827922e+05 
8446.12 4.039532e+04 
8460.42 8.054137e+04 
8474.76 1.458699e+05 
8489.11 7.226671e+05 
8503.49 6.599265e+05 
8517.90 3.656452e+05 
8532.33 4.645629e+04 
8546.78 9.369389e+05 
8561.26 9.298888e+05 
8575.76 1.144031e+05 
8590.29 4.853427e+05 
8604.84 3.333607e+04 
8619.41 3.112839e+05 
8634.02 1.878213e+04 
8648.64 2.035519e+04 
8663.29 5.367940e+05 
8677.97 8.522258e+05 
8692.67 7.877251e+05 
8707.39 1.141906e+06 
8722.14 6.969489e+05 
8736.92 3.768281e+05 
8751.72 1.011302e+06 
8766.54 3.225772e+04 
8781.39 3.415332e+05 
8796.27 3.096399e+03 
8811.17 5.171784e+05 
8826.09 3.827683e+06 
8841.05 7.840336e+05 
8856.02 2.494574e+06 
8871.02 5.884778e+05 
8886.05 3.660833e+05 
8901.10 8.463335e+03 
8916.18 1.928095e+04 
8931.28 4.575012e+05 
8946.41 8.367469e+05 
8961.57 8.319856e+04 
8976.75 3.060940e+04 
8991.96 7.259610e+03 
9007.19 3.633916e+05 
9022.45 1.078360e+04 
9037.73 7.854057e+03 
9053.04 3.115532e+05 
9068.37 4.895152e+03 
9083.74 1.506492e+05 
9099.12 6.303861e+05 
9114.54 1.054097e+06 
9129.98 2.006357e+05 
9145.44 8.988539e+05 
9160.94 1.354442e+03 
9176.45 2.357313e+05 
9192.00 1.519147e+06 
9207.57 3.901697e+05 
9223.17 3.328709e+06 
9238.79 2.591269e+04 
9254.44 1.336318e+05 
9270.12 3.082665e+05 
9285.82 9.184465e+05 
9301.55 7.874686e+03 
9317.31 9.664136e+05 
9333.09 4.296538e+04 
9348.90 2.589175e+05 
9364.74 2.722752e+04 
9380.60 2.151946e+06 
9396.49 5.343672e+04 
9412.41 8.151762e+05 
9428.35 1.975126e+05 
9444.32 6.047677e+05 
9460.32 2.326758e+05 
9476.35 1.070135e+04 
9492.40 5.981105e+04 
9508.48 2.825361e+04 
9524.59 8.899103e+05 
9540.72 3.850945e+05 
9556.88 2.864437e+05 
9573.07 7.126808e+05 
9589.29 2.650711e+06 
9605.53 5.698983e+05 
9621.80 1.787786e+05 
9638.10 2.538486e+05 
9654.43 1.364693e+05 
9670.78 4.551987e+04 
9687.16 1.184830e+05 
9703.57 1.028277e+05 
9720.01 2.675735e+04 
9736.48 3.943313e+04 
9752.97 1.367156e+05 
9769.49 1.723644e+04 
9786.04 4.824812e+03 
9802.62 4.048756e+05 
9819.22 9.923954e+03 
9835.86 1.430064e+06 
9852.52 2.958431e+05 
9869.21 6.900496e+05 
9885.93 4.321649e+02 
9902.67 1.282338e+06 
9919.45 7.125932e+05 
9936.25 7.139144e+05 
9953.08 2.564804e+04 
9969.94 2.086666e+06 
9986.83 1.278324e+03 
10003.75 3.474132e+05 
10020.69 2.423936e+07 
10037.67 6.391105e+03 
10054.67 3.090602e+04 
10071.71 1.289992e+05 
10088.77 4.338628e+03 
10105.86 2.315934e+02 
10122.98 1.623546e+04 
10140.12 1.466287e+04 
10157.30 6.848731e+05 
10174.51 7.555767e+02 
10191.74 4.514956e+06 
10209.01 4.350137e+04 
10226.30 3.393990e+05 
10243.62 3.780485e+02 
10260.97 4.128150e+05 
10278.36 1.109595e+03 
10295.77 3.669387e+02 
10313.21 1.340905e+04 
10330.68 1.242123e+05 
10348.18 1.187642e+05 
10365.71 1.955791e+04 
10383.27 1.184367e+05 
10400.86 5.061143e+02 
10418.47 6.996955e+04 
10436.12 3.631924e+03 
10453.80 2.194586e+05 
10471.51 6.459316e+03 
10489.25 2.247402e+04 
10507.02 2.364938e+06 
10524.81 1.360019e+07 
10542.64 2.474694e+06 
10560.50 4.814380e+05 
10578.39 8.193680e+04 
10596.31 7.067889e+03 
10614.26 6.979836e+03 
10632.24 5.507853e+03 
10650.25 1.065145e+04 
10668.29 1.269728e+04 
10686.36 2.610201e+04 
10704.47 6.922421e+03 
10722.60 3.871510e+03 
10740.76 4.350964e+04 
10758.96 4.668167e+04 
10777.18 9.439511e+04 
10795.44 6.367943e+03 
10813.73 4.698432e+04 
10832.04 8.949026e+02 
10850.39 1.123292e+06 
10868.77 8.949689e+03 
10887.19 1.360694e+07 
10905.63 2.355182e+06 
10924.10 2.594457e+04 
10942.61 8.520646e+02 
10961.14 3.456685e+03 
10979.71 2.320070e+04 
10998.31 1.150233e+03 
11016.94 1.069093e+03 
11035.60 1.681330e+04 
11054.30 1.543997e+04 
11073.02 6.129338e+04 
11091.78 7.014914e+02 
11110.57 2.749232e+05 
11129.39 2.586736e+04 
11148.24 1.773049e+07 
11167.13 3.298670e+03 
11186.04 4.313861e+05 
11204.99 3.511368e+06 
11223.97 1.218206e+06 
11242.99 6.176604e+03 
11262.03 1.645812e+06 
11281.11 1.392292e+04 
11300.22 3.745802e+03 
11319.36 1.261210e+05 
11338.54 2.967375e+04 
11357.74 1.569518e+03 
11376.98 4.430418e+03 
11396.25 8.733451e+03 
11415.56 2.724897e+03 
11434.90 9.624223e+03 
11454.27 2.201032e+04 
11473.67 4.830888e+03 
11493.11 4.105912e+03 
11512.58 1.141012e+03 
11532.08 4.465786e+02 
11551.61 9.473455e+02 
11571.18 1.209902e+04 
11590.78 1.681535e+03 
11610.42 6.271860e+03 
11630.08 3.960169e+03 
11649.78 7.094413e+02 
11669.52 1.077130e+05 
11689.29 3.927534e+03 
11709.09 3.925701e+05 
11728.92 6.925456e+03 
11748.79 1.165342e+05 
11768.69 1.400185e+05 
11788.63 4.858762e+02 
11808.60 1.724930e+04 
11828.60 3.814037e+04 
11848.64 1.631168e+04 
11868.71 5.578953e+03 
11888.82 5.140403e+02 
11908.96 4.746039e+04 
11929.13 2.054801e+05 
11949.34 5.948809e+02 
11969.58 1.414359e+03 
11989.85 1.609923e+03 
